176.001;авгит;2424;1.0;
176.001;авгит;2425;14.0;
176.001;авгит;2429;20.0;
176.001;авгит;2432;3.0;
176.001;авгит;2433;13.0;
176.001;авгит;2437;5.7;
176.001;авгит;2212;0.0;
176.001;авгит;2132;0.0;
176.001;авгит;2192;0.0;
176.001;авгит;2228;0.0;
176.001;авгит;2044;0.0;
176.001;авгит;2396;0.0;
176.004;адуляр;2440;1.0;
176.004;адуляр;2444;0.5;
176.005;азурит;2196;55.3;
176.006;акантит;2320;87.0;
176.006;акантит;2196;0.0;
176.006;акантит;2100;0.0;
176.006;акантит;2408;0.0;
176.006;акантит;2332;0.0;
176.007;аквамарин;2496;0.0;
176.009;актинолит;2008;7.4;
176.009;актинолит;2452;0.0;
176.0091;александрит;2460;0.3;
176.01;аллофан;2433;0.8;
176.01;аллофан;2464;0.0;
176.01;аллофан;2444;0.0;
176.01;аллофан;2468;0.0;
176.01;аллофан;2472;0.0;
176.01;аллофан;2476;0.0;
176.01;аллофан;2480;0.0;
176.01;аллофан;2492;0.0;
176.011;алмаз;2000;0.0;
176.011;алмаз;2152;0.0;
176.011;алмаз;2008;0.0;
176.011;алмаз;2188;0.0;
176.011;алмаз;2140;0.0;
176.011;алмаз;2212;0.0;
176.011;алмаз;2024;0.0;
176.011;алмаз;2192;0.0;
176.011;алмаз;2100;0.0;
176.011;алмаз;2396;0.0;
176.011;алмаз;2356;0.0;
176.011;алмаз;2036;0.0;
176.011;алмаз;2056;0.0;
176.011;алмаз;2144;0.0;
176.011;алмаз;2016;0.0;
176.012;алтаит;2308;60.2;
176.012;алтаит;2348;61.3;
176.012;алтаит;2320;0.0;
176.012;алтаит;2100;0.0;
176.012;алтаит;2196;0.0;
176.012;алтаит;2316;0.0;
176.012;алтаит;2312;0.0;
176.013;алунит;2468;10.0;
176.013;алунит;2492;40.0;
176.013;алунит;2212;0.0;
176.013;алунит;2452;0.0;
176.013;алунит;2408;0.0;
176.015;альмандин;2444;2.0;
176.016;амазонит;2296;0.0;
176.016;амазонит;2400;0.0;
176.016;амазонит;2308;0.0;
176.021;анальцим;2140;0.0;
176.021;анальцим;2132;0.0;
176.021;анальцим;2396;0.0;
176.021;анальцим;2028;0.0;
176.022;ангидрит;2024;0.0;
176.022;ангидрит;2328;0.0;
176.022;ангидрит;2188;0.0;
176.023;англезит;2308;68.3;
176.024;андалузит;2452;0.0;
176.024;андалузит;2356;0.0;
176.024;андалузит;2188;0.0;
176.024;андалузит;2496;0.0;
176.024;андалузит;2140;0.0;
176.027;анкерит;2192;0.0;
176.028;аннабергит;2148;0.0;
176.028;аннабергит;2140;0.0;
176.028;аннабергит;2188;0.0;
176.028;аннабергит;2100;0.0;
176.028;аннабергит;2408;0.0;
176.031;антимонит;2332;71.9;
176.031;антимонит;2316;72.7;
176.031;антимонит;2208;0.0;
176.031;антимонит;2292;0.0;
176.031;антимонит;2320;0.0;
176.031;антимонит;2104;0.0;
176.031;антимонит;2308;0.0;
176.031;антимонит;2048;0.0;
176.031;антимонит;2100;0.0;
176.031;антимонит;2196;0.0;
176.032;апатит;2448;7.6;
176.032;апатит;2540;23.7;
176.032;апатит;2464;0.5;
176.032;апатит;2101;4.6;
176.032;апатит;2424;1.5;
176.032;апатит;2513;12.0;
176.032;апатит;2361;0.6;
176.032;апатит;2489;4.5;
176.032;апатит;2525;2.0;
176.033;апофиллит;2212;0.0;
176.033;апофиллит;2132;0.0;
176.034;арагонит;2541;3.9;
176.034;арагонит;2188;7.5;
176.034;арагонит;2024;0.0;
176.036;арфведсонит;2132;0.0;
176.036;арфведсонит;2192;0.0;
176.036;арфведсонит;2356;0.0;
176.038;асболан;2044;0.0;
176.038;асболан;2408;0.0;
176.039;астрофиллит;2432;0.0;
176.04;аурипигмент;2333;3.0;
176.041;ашарит;2496;0.0;
176.041;ашарит;2192;0.0;
176.042;бавенит;2212;0.0;
176.042;бавенит;2452;0.0;
176.042;бавенит;2192;0.0;
176.043;бадделеит;2558;98.5;
176.045;барит;2140;0.0;
176.045;барит;2309;22.0;
176.046;бастнезит;2388;73.5;
176.046;бастнезит;2488;8.5;
176.046;бастнезит;2489;19.8;
176.048;берилл;2500;14.1;
176.048;берилл;2212;0.0;
176.048;берилл;2400;0.0;
176.048;берилл;2296;0.0;
176.048;берилл;2176;0.0;
176.048;берилл;2496;0.0;
176.048;берилл;2452;0.0;
176.048;берилл;2188;0.0;
176.048;берилл;2192;0.0;
176.048;берилл;2052;0.0;
176.048;берилл;2076;0.0;
176.048;берилл;2456;0.0;
176.048;берилл;2324;0.0;
176.048;берилл;2140;0.0;
176.049;бертрандит;2196;0.0;
176.049;бертрандит;2308;0.0;
176.049;бертрандит;2320;0.0;
176.049;бертрандит;2408;0.0;
176.049;бертрандит;2080;0.0;
176.049;бертрандит;2036;0.0;
176.05;биотит;2449;18.0;
176.05;биотит;2437;12.0;
176.05;биотит;2585;4.0;
176.051;бирюза;2428;0.0;
176.051;бирюза;2430;10.0;
176.051;бирюза;2433;3.5;
176.051;бирюза;2152;0.0;
176.051;бирюза;2140;0.0;
176.051;бирюза;2328;0.0;
176.051;бирюза;2408;0.0;
176.051;бирюза;2204;0.0;
176.051;бирюза;2228;0.0;
176.051;бирюза;2148;0.0;
176.051;бирюза;2044;0.0;
176.051;бирюза;2356;0.0;
176.051;бирюза;2024;0.0;
176.051;бирюза;2028;0.0;
176.051;бирюза;2188;0.0;
176.052;блеклая_руда;2408;0.0;
176.052;блеклая_руда;2100;0.0;
176.052;блеклая_руда;2320;0.0;
176.052;блеклая_руда;2292;0.0;
176.052;блеклая_руда;2228;0.0;
176.052;блеклая_руда;2312;0.0;
176.052;блеклая_руда;2196;0.0;
176.052;блеклая_руда;2348;0.0;
176.052;блеклая_руда;2332;0.0;
176.052;блеклая_руда;2208;0.0;
176.052;блеклая_руда;2316;0.0;
176.0521;бонинит;2464;22.0;
176.0521;бонинит;2524;62.0;
176.053;борнит;2196;0.0;
176.053;борнит;2197;65.0;
176.053;борнит;2100;0.0;
176.053;борнит;2101;8.0;
176.053;борнит;2102;18.0;
176.053;борнит;2316;0.0;
176.053;борнит;2317;20.0;
176.053;борнит;2318;27.0;
176.054;браунит;2101;18.0;
176.055;бронзит;2429;0.2;
176.056;брошантит;2476;70.0;
176.057;брусит;2464;69.0;
176.057;брусит;2052;31.0;
176.057;брусит;2100;0.0;
176.058;буланжерит;2308;0.0;
176.058;буланжерит;2332;58.9;
176.058;буланжерит;2316;22.8;
176.058;буланжерит;2317;18.3;
176.059;бурнонит;2308;0.0;
176.059;бурнонит;2196;42.5;
176.059;бурнонит;2197;13.0;
176.059;бурнонит;2332;0.0;
176.059;бурнонит;2316;24.7;
176.059;бурнонит;2317;19.8;
176.059;бурнонит;2100;0.0;
176.059;бурнонит;2320;0.0;
176.059;бурнонит;2408;0.0;
176.059;бурнонит;2192;0.0;
176.059;бурнонит;2228;0.0;
176.059;бурнонит;2048;0.0;
176.059;бурнонит;2208;0.0;
176.06;вад;2593;17.0;
176.06;вад;2582;12.0;
176.06;вад;2476;25.0;
176.06;вад;2544;30.0;
176.06;вад;2480;23.0;
176.06;вад;2504;1.0;
176.061;ванадинит;2140;0.0;
176.061;ванадинит;2380;0.0;
176.061;ванадинит;2208;0.0;
176.062;везувиан;2448;3.5;
176.062;везувиан;2472;1.5;
176.062;везувиан;2468;0.0;
176.062;везувиан;2500;0.0;
176.062;везувиан;2408;0.0;
176.062;везувиан;2196;0.0;
176.062;везувиан;2036;0.0;
176.062;везувиан;2396;0.0;
176.062;везувиан;2512;0.0;
176.063;вермикулит;2464;0.0;
176.063;вермикулит;2465;25.0;
176.063;вермикулит;2428;0.0;
176.063;вермикулит;2429;1.0;
176.063;вермикулит;2430;3.0;
176.063;вермикулит;2432;0.0;
176.063;вермикулит;2433;3.0;
176.063;вермикулит;2434;17.0;
176.063;вермикулит;2424;0.0;
176.063;вермикулит;2425;10.0;
176.063;вермикулит;2426;17.0;
176.063;вермикулит;2524;0.0;
176.063;вермикулит;2525;34.0;
176.063;вермикулит;2526;42.0;
176.063;вермикулит;2052;0.0;
176.063;вермикулит;2053;8.0;
176.063;вермикулит;2054;15.0;
176.064;вивианит;2428;43.0;
176.064;вивианит;2484;28.0;
176.064;вивианит;2192;0.0;
176.064;вивианит;2188;0.0;
176.064;вивианит;2140;0.0;
176.066;висмутин;2309;5.0;
176.066;висмутин;2313;8.8;
176.065;Висмут_самородный;2332;0.0;
176.065;Висмут_самородный;2308;0.0;
176.065;Висмут_самородный;2348;0.0;
176.065;Висмут_самородный;2208;0.0;
176.065;Висмут_самородный;2316;0.0;
176.067;витерит;2140;1.5;
176.067;витерит;2188;0.0;
176.067;витерит;2197;1.0;
176.068;воджинит;2570;74.0;
176.068;воджинит;2574;13.0;
176.069;волластонит;2429;9.3;
176.069;волластонит;2193;5.5;
176.069;волластонит;2465;0.6;
176.07;вольфрамит;2140;0.0;
176.07;вольфрамит;2232;0.0;
176.07;вольфрамит;2340;0.0;
176.07;вольфрамит;2188;0.0;
176.072;вульфенит;2308;60.0;
176.072;вульфенит;2578;39.0;
176.072;вульфенит;2445;7.0;
176.072;вульфенит;2517;28.0;
176.072;вульфенит;2521;1.3;
176.073;вюртцит;2408;63.0;
176.073;вюртцит;2100;1.0;
176.073;вюртцит;2128;3.7;
176.073;вюртцит;2080;0.0;
176.073;вюртцит;2192;0.0;
176.073;вюртцит;2308;0.0;
176.075;галенит;2308;86.6;
176.075;галенит;2312;0.0;
176.075;галенит;2320;0.0;
176.075;галенит;2040;0.0;
176.075;галенит;2332;0.0;
176.075;галенит;2240;0.0;
176.075;галенит;2408;0.0;
176.075;галенит;2100;0.0;
176.075;галенит;2128;0.0;
176.076;галит;2392;61.3;
176.076;галит;2040;0.0;
176.076;галит;2192;0.0;
176.076;галит;2196;0.0;
176.076;галит;2064;0.0;
176.076;галит;2208;0.0;
176.076;галит;2124;0.0;
176.076;галит;2320;0.0;
176.076;галит;2024;0.0;
176.076;галит;2336;0.0;
176.076;галит;2308;0.0;
176.076;галит;2132;0.0;
176.076;галит;2140;0.0;
176.076;галит;2492;0.0;
176.077;галлуазит;2524;0.0;
176.077;галлуазит;2526;12.0;
176.077;галлуазит;2432;0.0;
176.077;галлуазит;2434;2.0;
176.077;галлуазит;2444;0.0;
176.077;галлуазит;2446;1.0;
176.077;галлуазит;2132;0.0;
176.077;галлуазит;2212;0.0;
176.077;галлуазит;2214;0.1;
176.077;галлуазит;2215;6.0;
176.078;гарниерит;2582;45.0;
176.078;гарниерит;2464;15.0;
176.078;гарниерит;2100;0.0;
176.078;гарниерит;2396;0.0;
176.078;гарниерит;2008;0.0;
176.078;гарниерит;2192;0.0;
176.081;геденбергит;2444;0.0;
176.081;геденбергит;2428;22.2;
176.081;геденбергит;2524;29.4;
176.081;геденбергит;2525;48.4;
176.081;геденбергит;2597;9.5;
176.081;геденбергит;2453;4.2;
176.081;геденбергит;2356;0.0;
176.081;геденбергит;2008;0.0;
176.084;гематит;2357;11.0;
176.084;гематит;2009;14.0;
176.084;гематит;2053;8.0;
176.084;гематит;2496;0.0;
176.084;гематит;2152;0.0;
176.085;гемиморфит;2480;67.5;
176.085;гемиморфит;2052;7.5;
176.085;гемиморфит;2308;0.0;
176.085;гемиморфит;2100;0.0;
176.085;гемиморфит;2140;0.0;
176.085;гемиморфит;2188;0.0;
176.085;гемиморфит;2356;0.0;
176.085;гемиморфит;2008;0.0;
176.085;гемиморфит;2128;0.0;
176.088;гидраргиллит;2052;34.6;
176.093;глауконит;2524;56.0;
176.093;глауконит;2176;0.0;
176.093;глауконит;2036;0.0;
176.094;глаукофан;2100;0.0;
176.094;глаукофан;2140;0.0;
176.103;даналит;2500;13.4;
176.103;даналит;2428;51.4;
176.103;даналит;2192;0.0;
176.103;даналит;2408;0.0;
176.103;даналит;2009;4.2;
176.106;джемсонит;2197;3.5;
176.106;джемсонит;2049;1.0;
176.107;диаспор;2433;11.0;
176.107;диаспор;2461;6.5;
176.107;диаспор;2444;0.0;
176.107;диаспор;2524;0.0;
176.109;диопсид;2152;0.0;
176.109;диопсид;2396;0.0;
176.109;диопсид;2356;0.0;
176.109;диопсид;2044;0.0;
176.109;диопсид;2192;0.0;
176.114;доломит;2464;21.8;
176.114;доломит;2488;47.8;
176.117;золото_самородное ;2252;0.0;
176.117;золото_самородное ;2240;0.0;
176.118;изумруд;2456;0.0;
176.125;калаверит;2321;0.8;
176.128;канкринит;2132;0.0;
176.128;канкринит;2392;0.0;
176.13;карналлит;2296;0.0;
176.13;карналлит;2400;0.0;
176.13;карналлит;2336;0.0;
176.13;карналлит;2496;0.0;
176.13;карналлит;2040;0.0;
176.131;карнотит;2140;0.0;
176.131;карнотит;2024;0.0;
176.131;карнотит;2188;0.0;
176.137;кианит;2453;1.0;
176.137;кианит;2396;2.6;
176.137;кианит;2044;0.0;
176.138;киноварь;2316;13.8;
176.138;киноварь;2313;1.0;
176.138;киноварь;2348;0.0;
176.141;ковеллин;2100;0.0;
176.141;ковеллин;2320;0.0;
176.147;криолит;2152;0.0;
176.147;криолит;2100;0.0;
176.147;криолит;2188;0.0;
176.147;криолит;2132;0.0;
176.147;криолит;2328;0.0;
176.147;криолит;2360;0.0;
176.151;кубанит;2316;35.0;
176.152;куприт;2196;89.0;
176.152;куприт;2408;0.0;
176.152;куприт;2308;0.0;
176.152;куприт;2100;0.0;
176.152;куприт;2128;0.0;
176.152;куприт;2240;0.0;
176.152;куприт;2048;0.0;
176.152;куприт;2080;0.0;
176.152;куприт;2108;0.0;
176.153;лабрадор;2444;0.0;
176.153;лабрадор;2472;0.0;
176.155;лампрофиллит;2440;17.2;
176.155;лампрофиллит;2192;0.0;
176.155;лампрофиллит;2100;0.0;
176.155;лампрофиллит;2140;0.0;
176.155;лампрофиллит;2188;0.0;
176.155;лампрофиллит;2132;0.0;
176.155;лампрофиллит;2008;0.0;
176.155;лампрофиллит;2232;0.0;
176.155;лампрофиллит;2558;13.6;
176.155;лампрофиллит;2212;0.0;
176.1551;латит;2212;0.0;
176.1551;латит;2100;0.0;
176.1551;латит;2356;0.0;
176.1551;латит;2132;0.0;
176.157;лепидокрокит;2101;10.0;
176.157;лепидокрокит;2189;2.0;
176.157;лепидокрокит;2297;4.5;
176.157;лепидокрокит;2401;1.5;
176.158;лепидолит;2432;90.7;
176.158;лепидолит;2052;10.1;
176.158;лепидолит;2448;0.0;
176.158;лепидолит;2444;0.0;
176.158;лепидолит;2464;0.0;
176.164;магнетит;2356;0.0;
176.164;магнетит;2188;0.0;
176.164;магнетит;2008;0.0;
176.164;магнетит;2044;0.0;
176.164;магнетит;2396;0.0;
176.164;магнетит;2228;0.0;
176.164;магнетит;2148;0.0;
176.164;магнетит;2192;0.0;
176.164;магнетит;2080;0.0;
176.168;марказит;2229;6.0;
176.168;марказит;2208;0.0;
176.168;марказит;2332;0.0;
176.168;марказит;2336;0.0;
176.168;марказит;2148;0.0;
176.171;метациннабарит;2292;86.2;
176.171;метациннабарит;2316;13.8;
176.171;метациннабарит;2100;0.0;
176.171;метациннабарит;2408;0.0;
176.171;метациннабарит;2312;0.0;
176.172;микроклин;2212;0.0;
176.172;микроклин;2296;0.0;
176.172;микроклин;2100;0.0;
176.172;микроклин;2024;0.0;
176.172;микроклин;2308;0.0;
176.176;молибденит;2204;60.0;
176.176;молибденит;2316;40.0;
176.177;монацит;2445;2.0;
176.183;нефелин;2140;0.0;
176.183;нефелин;2188;0.0;
176.183;нефелин;2356;0.0;
176.183;нефелин;2028;0.0;
176.183;нефелин;2296;0.0;
176.183;нефелин;2064;0.0;
176.187;никелин;2228;44.8;
176.187;никелин;2208;56.1;
176.187;никелин;2148;0.0;
176.187;никелин;2150;2.0;
176.187;никелин;2100;0.0;
176.187;никелин;2316;0.0;
176.187;никелин;2318;1.0;
176.189;оливин;2524;45.0;
176.196;паризит;2361;2.0;
176.196;паризит;2100;0.0;
176.196;паризит;2212;0.0;
176.196;паризит;2132;0.0;
176.202;пираргирит;2320;60.5;
176.203;пирит;2197;10.0;
176.2031;пироксен;2464;0.0;
176.2031;пироксен;2524;0.0;
176.205;пироморфит;2044;0.0;
176.205;пироморфит;2396;0.0;
176.206;пирофиллит;2188;0.0;
176.206;пирофиллит;2100;0.0;
176.206;пирофиллит;2140;0.0;
176.206;пирофиллит;2212;0.0;
176.206;пирофиллит;2132;0.0;
176.206;пирофиллит;2356;0.0;
176.208;пирротин;2228;0.0;
176.208;пирротин;2196;1.0;
176.209;повеллит;2060;10.0;
176.21;полигалит;2472;0.5;
176.21;полигалит;2392;0.0;
176.211;поллуцит;2053;3.3;
176.211;поллуцит;2470;1.6;
176.212;пренит;2429;1.0;
176.212;пренит;2433;10.6;
176.214;псиломелан;2441;17.5;
176.215;реальгар;2208;70.1;
176.222;рубин;2397;4.0;
176.223;рутил;2396;0.0;
176.223;рутил;2232;0.0;
176.223;рутил;2340;0.0;
176.223;рутил;2044;0.0;
176.223;рутил;2240;0.0;
176.224;самарскит;2044;0.0;
176.224;самарскит;2140;0.0;
176.224;самарскит;2309;2.0;
176.224;самарскит;2356;0.0;
176.224;самарскит;2240;0.0;
176.224;самарскит;2054;5.0;
176.224;самарскит;2360;0.0;
176.224;самарскит;2060;0.0;
176.224;самарскит;2324;0.0;
176.227;сера_самородная;2348;5.2;
176.227;сера_самородная;2208;0.0;
176.231;сидерит;2444;12.0;
176.231;сидерит;2149;9.0;
176.231;сидерит;2408;7.7;
176.231;сидерит;2409;0.0;
176.233;силлиманит;2188;0.0;
176.233;силлиманит;2356;0.0;
176.233;силлиманит;2044;0.0;
176.233;силлиманит;2176;0.0;
176.233;силлиманит;2036;0.0;
176.233;силлиманит;2172;0.0;
176.233;силлиманит;2412;0.0;
176.233;силлиманит;2192;0.0;
176.233;силлиманит;2024;0.0;
176.233;силлиманит;2396;0.0;
176.235;скаполит;2100;0.0;
176.235;скаполит;2188;0.0;
176.235;скаполит;2356;0.0;
176.235;скаполит;2192;0.0;
176.241;содалит;2579;2.8;
176.242;станнин;2240;28.0;
176.242;станнин;2409;11.0;
176.242;станнин;2109;2.0;
176.242;станнин;2321;1.0;
176.242;станнин;2129;1.5;
176.242;станнин;2333;3.0;
176.242;станнин;2309;2.0;
176.246;сурьма_самородная;2209;11.0;
176.246;сурьма_самородная;2320;0.0;
176.246;сурьма_самородная;2372;0.0;
176.246;сурьма_самородная;2317;1.0;
176.246;сурьма_самородная;2048;0.0;
176.246;сурьма_самородная;2100;0.5;
176.247;сфалерит;2101;26.0;
176.247;сфалерит;2109;2.5;
176.247;сфалерит;2241;2.0;
176.247;сфалерит;2293;35.0;
176.247;сфалерит;2337;1.0;
176.247;сфалерит;2197;15.0;
176.247;сфалерит;2148;0.0;
176.247;сфалерит;2140;0.0;
176.247;сфалерит;2320;0.0;
176.248;тальк;2100;5.0;
176.248;тальк;2228;0.0;
176.248;тальк;2192;0.0;
176.248;тальк;2008;0.0;
176.248;тальк;2212;0.0;
176.248;тальк;2356;0.0;
176.252;тетраэдрит;2100;0.0;
176.252;тетраэдрит;2320;0.0;
176.252;тетраэдрит;2292;0.0;
176.252;тетраэдрит;2408;0.0;
176.252;тетраэдрит;2148;0.0;
176.252;тетраэдрит;2228;0.0;
176.252;тетраэдрит;2308;0.0;
176.252;тетраэдрит;2196;0.0;
176.252;тетраэдрит;2208;0.0;
176.252;тетраэдрит;2048;0.0;
176.252;тетраэдрит;2348;0.0;
176.252;тетраэдрит;2312;0.0;
176.252;тетраэдрит;2332;0.0;
176.252;тетраэдрит;2316;0.0;
176.253;тингуаит;2468;0.0;
176.254;титанит;2513;12.0;
176.254;титанит;2240;1.0;
176.254;титанит;2008;0.0;
176.254;титанит;2100;0.0;
176.254;титанит;2233;10.0;
176.257;тремолит;2448;0.0;
176.257;тремолит;2460;0.0;
176.257;тремолит;2468;0.6;
176.261;улексит;2614;45.0;
176.264;флогопит;2485;1.2;
176.265;флюорит;2140;51.7;
176.265;флюорит;2388;49.3;
176.271;халькопирит;2196;79.8;
176.271;халькопирит;2321;0.2;
176.277;хризопраз;2497;8.0;
176.2791;хромшпинель;2193;24.0;
176.2791;хромшпинель;2559;0.5;
176.28;целестин;2540;56.4;
176.28;целестин;2444;0.0;
176.28;целестин;2440;0.0;
176.281;церуссит;2480;4.5;
176.281;церуссит;2540;3.2;
176.281;церуссит;2140;0.0;
176.285;циркон;2140;0.0;
176.285;циркон;2192;0.0;
176.285;циркон;2188;0.0;
176.285;циркон;2240;0.0;
176.285;циркон;2232;0.0;
176.287;чароит;2055;0.0;
176.29;шеелит;2204;0.0;
176.29;шеелит;2610;0.5;
176.29;шеелит;2328;0.0;
176.29;шеелит;2232;0.0;
176.29;шеелит;2340;0.0;
176.29;шеелит;2396;0.0;
176.29;шеелит;2388;0.0;
176.29;шеелит;2197;7.0;
176.294;эвдиалит;2120;0.0;
176.294;эвдиалит;2533;7.5;
176.297;эгирин;2356;0.0;
176.297;эгирин;2232;0.0;
176.297;эгирин;2412;0.0;
176.297;эгирин;2044;0.0;
176.297;эгирин;2028;0.0;
176.297;эгирин;2325;150.0;
176.297;эгирин;2196;0.0;
176.297;эгирин;2228;0.0;
176.297;эгирин;2148;0.0;
176.298;энаргит;2196;48.0;
176.298;энаргит;2101;2.0;
176.298;энаргит;2333;6.0;
176.298;энаргит;2348;0.0;
176.298;энаргит;2080;0.0;
176.299;энстатит;2450;2.0;
176.299;энстатит;2583;1.6;
176.301;эритрин;2140;0.0;
176.301;эритрин;2188;0.0;
176.301;эритрин;2100;0.0;
176.301;эритрин;2409;2.0;
176.303;ярозит;2213;2.0;
176.303;ярозит;2009;19.0;
176.303;ярозит;2308;3.0;
176.303;ярозит;2313;0.5;