176.001;авгит;1038.30000;0;
176.001;авгит;1025.10000;0;
176.001;авгит;1025.30000;0;
176.001;авгит;1022.90000;0;
176.001;авгит;1022.91000;0;
176.001;авгит;1022.60000;0;
176.001;авгит;1032;5.00000;
176.001;авгит;1033;6.00000;
176.001;авгит;1015;3300.00000;
176.001;авгит;1016;3500.00000;
176.001;авгит;1040.80000;0;
176.001;авгит;1041.35000;0;
176.002;агат_моховой;1032;6.50000;
176.002;агат_моховой;1033;7.00000;
176.002;агат_моховой;1015;2580.00000;
176.002;агат_моховой;1016;2620.00000;
176.003;агат;1025.40500;0;
176.003;агат;1031;7.00000;
176.003;агат;1015;2570.00000;
176.003;агат;1016;2580.00000;
176.003;агат;1045.50000;0;
176.003;агат;1036.05000;0;
176.003;агат;1042.10000;0;
176.003;агат;1044.50000;0;
176.003;агат;1041.19500;0;
176.004;адуляр;1038.20000;0;
176.004;адуляр;1046.40000;0;
176.004;адуляр;1046.65000;0;
176.004;адуляр;1032;6.00000;
176.004;адуляр;1033;6.50000;
176.004;адуляр;1015;2560.00000;
176.004;адуляр;1016;2580.00000;
176.005;азурит;1037.20000;0;
176.005;азурит;1039.20000;0;
176.005;азурит;1038.03000;0;
176.005;азурит;1038.05000;0;
176.005;азурит;1038.93000;0;
176.005;азурит;1038.95000;0;
176.005;азурит;1047.40000;0;
176.005;азурит;1047.50000;0;
176.005;азурит;1047.60000;0;
176.005;азурит;1047.70000;0;
176.005;азурит;1029.10000;0;
176.005;азурит;1030.10000;0;
176.005;азурит;1032;3.50000;
176.005;азурит;1033;4.00000;
176.005;азурит;1014;3800.00000;
176.005;азурит;1040.20000;0;
176.005;азурит;1041.32200;0;
176.005;азурит;1046.10000;0;
176.005;азурит;1046.30000;0;
176.005;азурит;1046.4400;0;
176.006;акантит;1037.20000;0;
176.006;акантит;1039.20000;0;
176.006;акантит;1047.30000;0;
176.006;акантит;1022.02800;0;
176.006;акантит;1036.10000;0;
176.006;акантит;1032;2.00000;
176.006;акантит;1033;2.50000;
176.006;акантит;1042.20000;0;
176.006;акантит;1015;7200.00000;
176.006;акантит;1016;7400.00000;
176.006;акантит;1041.30000;0;
176.006;акантит;1046.63000;0;
176.007;аквамарин;1022.04000;0;
176.007;аквамарин;1022.01000;0;
176.007;аквамарин;1022.06000;0;
176.007;аквамарин;1031;8.00000;
176.007;аквамарин;1038.35000;0;
176.007;аквамарин;1038.02000;0;
176.007;аквамарин;1043.50000;0;
176.008;аксинит;1037.10000;0;
176.008;аксинит;1038.10000;0;
176.008;аксинит;1040.60000;0;
176.008;аксинит;1022.54000;0;
176.008;аксинит;1022.51000;0;
176.008;аксинит;1022.20000;0;
176.008;аксинит;1032;6.50000;
176.008;аксинит;1033;7.00000;
176.008;аксинит;1015;3250.00000;
176.008;аксинит;1016;3300.00000;
176.008;аксинит;1041.19500;0;
176.008;аксинит;1041.90000;0;
176.008;аксинит;1041.91000;0;
176.008;аксинит;1041.92000;0;
176.008;аксинит;1041.93000;0;
176.008;аксинит;1041.94000;0;
176.008;аксинит;1041.95000;0;
176.009;актинолит;1037.20000;0;
176.009;актинолит;1022.05100;0;
176.009;актинолит;1032;5.50000;
176.009;актинолит;1033;6.00000;
176.009;актинолит;1015;3170.00000;
176.009;актинолит;1016;3300.00000;
176.009;актинолит;1040.40000;0;
176.009;актинолит;1041.40000;0;
176.009;актинолит;1041.32280;0;
176.009;актинолит;1041.40000;0;
176.009;актинолит;1041.86000;0;
176.009;актинолит;1046.61510;0;
176.0091;александрит;1027.10000;0;
176.0091;александрит;1038.50000;0;
176.0091;александрит;1031;8.00000;
176.0091;александрит;1015;3500.00000;
176.0091;александрит;1016;3900.00000;
176.01;аллофан;1039.10000;0;
176.01;аллофан;1022.47000;0;
176.01;аллофан;1022.00100;0;
176.01;аллофан;1031;3.00000;
176.01;аллофан;1042.60000;0;
176.01;аллофан;1015;1850.00000;
176.01;аллофан;1016;1890.00000;
176.01;аллофан;1041.30000;0;
176.01;аллофан;1041.32700;0;
176.011;алмаз;1038.70000;0;
176.011;алмаз;1038.80000;0;
176.011;алмаз;1038.60000;0;
176.011;алмаз;1038.90000;0;
176.011;алмаз;1022.00200;0;
176.011;алмаз;1022.02500;0;
176.011;алмаз;1022.03100;0;
176.011;алмаз;1022.20000;0;
176.011;алмаз;1022.50000;0;
176.011;алмаз;1022.05100;0;
176.011;алмаз;1022.02100;0;
176.011;алмаз;1022.53000;0;
176.011;алмаз;1022.40000;0;
176.011;алмаз;1022.51000;0;
176.011;алмаз;1022.80000;0;
176.011;алмаз;1034;2.41700;
176.011;алмаз;1035;0.06300;
176.011;алмаз;1031;10.00000;
176.011;алмаз;1015;3500.00000;
176.011;алмаз;1016;3515.00000;
176.011;алмаз;1090.30000;0;
176.012;алтаит;1022.00100;0;
176.012;алтаит;1032;2.50000;
176.012;алтаит;1033;3.00000;
176.012;алтаит;1015;8200.00000;
176.012;алтаит;1016;8300.00000;
176.012;алтаит;1047.84000;0;
176.012;алтаит;1047.85000;0;
176.013;алунит;1037.60000;0;
176.013;алунит;1039.50000;0;
176.013;алунит;1047.42000;0;
176.013;алунит;1022.00100;0;
176.013;алунит;1036.40000;0;
176.013;алунит;1036.12000;0;
176.013;алунит;1032;3.50000;
176.013;алунит;1033;4.00000;
176.013;алунит;1042.60000;0;
176.013;алунит;1014;2700.00000;
176.013;алунит;1075.60000;0;
176.013;алунит;1041.32400;0;
176.014;альбит;1038.31000;0;
176.014;альбит;1038.51000;0;
176.014;альбит;1047.95000;0;
176.014;альбит;1022.00100;0;
176.014;альбит;1048.20000;0;
176.014;альбит;1048.40000;0;
176.014;альбит;1036.40000;0;
176.014;альбит;1036.12000;0;
176.014;альбит;1036.60000;0;
176.014;альбит;1032;6.00000;
176.014;альбит;1033;6.50000;
176.014;альбит;1042.60000;0;
176.014;альбит;1015;2600.00000;
176.014;альбит;1016;2630.00000;
176.014;альбит;1041.40000;0;
176.014;альбит;1046.40000;0;
176.015;альмандин;1022.20000;0;
176.015;альмандин;1031;7.00000;
176.015;альмандин;1015;3800.00000;
176.015;альмандин;1016;4300.00000;
176.015;альмандин;1041.97000;0;
176.015;альмандин;1041.96000;0;
176.015;альмандин;1041.31000;0;
176.015;альмандин;1041.33000;0;
176.015;альмандин;1041.96100;0;
176.015;альмандин;1041.10000;0;
176.015;альмандин;1041.85000;0;
176.015;альмандин;1043.80000;0;
176.0151;аляскит;1022.51000;0;
176.0151;аляскит;1047.41200;0;
176.0151;аляскит;1098.37000;0;
176.0151;аляскит;1047.41200;0;
176.0151;аляскит;1126.65200;0;
176.016;амазонит;1022.02040;0;
176.016;амазонит;1036.40000;0;
176.016;амазонит;1036.12000;0;
176.016;амазонит;1047.53000;0;
176.016;амазонит;1025.80000;0;
176.016;амазонит;1100.16100;0;
176.016;амазонит;1100.01610;0;
176.016;амазонит;1046.45000;0;
176.016;амазонит;1032;6.00000;
176.016;амазонит;1033;6.50000;
176.016;амазонит;1014;2550.00000;
176.017;амблигонит;1037.10000;0;
176.017;амблигонит;1039.50000;0;
176.017;амблигонит;1047.50250;0;
176.017;амблигонит;1022.00100;0;
176.017;амблигонит;1040.40000;0;
176.017;амблигонит;1082.20000;0;
176.017;амблигонит;1032;6.00000;
176.017;амблигонит;1033;6.50000;
176.017;амблигонит;1042.60000;0;
176.017;амблигонит;1015;2900.00000;
176.017;амблигонит;1016;3100.00000;
176.017;амблигонит;1046.87100;0;
176.018;аметист;1022.53000;0;
176.018;аметист;1047.68500;0;
176.018;аметист;1047.52131;0;
176.018;аметист;1047.80540;0;
176.018;аметист;1041.19500;0;
176.018;аметист;1043.80000;0;
176.018;аметист;1031;7.00000;
176.018;аметист;1015;2630.00000;
176.018;аметист;1016;2650.00000;
176.0181;амозит_асбест ;1022.00100;0;
176.0181;амозит_асбест;1015;2500.00000;
176.0181;амозит_асбест;1016;2600.00000;
176.019;амфибол_асбест ;1050;300.00000;
176.019;амфибол_асбест ;1059;1450.00000;
176.019;амфибол_асбест ;1060;1560.00000;
176.02;амфиболит;1100.02800;0;
176.02;амфиболит;1046.84800;0;
176.02;амфиболит;1015;2900.00000;
176.02;амфиболит;1016;3150.00000;
176.02;амфиболит;1025.37000;0;
176.02;амфиболит;1025.52000;0;
176.021;анальцим;1047.50050;0;
176.021;анальцим;1047.46000;0;
176.021;анальцим;1047.20000;0;
176.021;анальцим;1047.25000;0;
176.021;анальцим;1041.15000;0;
176.021;анальцим;1022.00200;0;
176.021;анальцим;1022.47000;0;
176.021;анальцим;1022.50700;0;
176.021;анальцим;1032;5.50000;
176.021;анальцим;1033;6.00000;
176.021;анальцим;1042.60000;0;
176.021;анальцим;1015;2240.00000;
176.021;анальцим;1016;2300.00000;
176.021;анальцим;1041.96050;0;
176.021;анальцим;1041.70000;0;
176.021;анальцим;1041.13000;0;
176.021;анальцим;1041.65000;0;
176.021;анальцим;1041.83000;0;
176.022;ангидрит;1037.30000;0;
176.022;ангидрит;1040.60000;0;
176.022;ангидрит;1047.11000;0;
176.022;ангидрит;1022.00200;0;
176.022;ангидрит;1032;3.00000;
176.022;ангидрит;1033;3.50000;
176.022;ангидрит;1015;2900.00000;
176.022;ангидрит;1016;3000.00000;
176.022;ангидрит;1041.32000;0;
176.022;ангидрит;1041.19500;0;
176.022;ангидрит;1046.45000;0;
176.023;англезит;1037.30000;0;
176.023;англезит;1047.60000;0;
176.023;англезит;1022.80000;0;
176.023;англезит;1022.03100;0;
176.023;англезит;1022.00100;0;
176.023;англезит;1022.01100;0;
176.023;англезит;1022.00200;0;
176.023;англезит;1022.51000;0;
176.023;англезит;1036.01000;0;
176.023;англезит;1032;3.00000;
176.023;англезит;1033;3.50000;
176.023;англезит;1042.60000;0;
176.023;англезит;1014;6400.00000;
176.023;англезит;1041.30000;0;
176.024;андалузит;1037.30000;0;
176.024;андалузит;1047.68500;0;
176.024;андалузит;1022.20000;0;
176.024;андалузит;1022.47000;0;
176.024;андалузит;1032;6.50000;
176.024;андалузит;1033;7.00000;
176.024;андалузит;1015;3100.00000;
176.024;андалузит;1016;3200.00000;
176.024;андалузит;1040.65100;0;
176.024;андалузит;1100.26010;0;
176.024;андалузит;1041.86010;0;
176.024;андалузит;1100.34100;0;
176.024;андалузит;1041.95500;0;
176.024;андалузит;1046.66000;0;
176.024;андалузит;1022.47000;0;
176.024;андезит;1014;2500.00000;
176.024;андезит;1031;5.00000;
176.025;андезит;1022.51000;0;
176.025;андезит;1039.57000;0;
176.025;андезит;1008.30000;0;
176.025;андезит;1046.84800;0;
176.025;андезит;1041.10020;0;
176.025;андезит;1098.63100;0;
176.025;андезит;1025.10000;0;
176.025;андезит;1025.37100;0;
176.025;андезит;1025.40700;0;
176.025;андезит;1025.10100;0;
176.025;андезит;1025.37000;0;
176.025;андезит;1126.65100;0;
176.025;андезит;1126.41000;0;
176.025;андезит;1126.77500;0;
176.025;андезит;1126.30000;0;
176.025;андезит;1126.45200;0;
176.025;андезит;1126.20000;0;
176.025;андезит;1126.60000;0;
176.025;андезит;1126.62000;0;
176.026;андрадит;1022.05100;0;
176.026;андрадит;1032;5.50000;
176.026;андрадит;1033;6.00000;
176.026;андрадит;1036.30000;0;
176.026;андрадит;1015;3800.00000;
176.026;андрадит;1016;3900.00000;
176.027;анкерит;1037.60000;0;
176.027;анкерит;1022.00100;0;
176.027;анкерит;1031;3.00000;
176.027;анкерит;1042.60000;0;
176.027;анкерит;1015;2900.00000;
176.027;анкерит;1016;3100.00000;
176.027;анкерит;1041.96030;0;
176.027;анкерит;1041.62000;0;
176.028;аннабергит;1037.20000;0;
176.028;аннабергит;1039.51000;0;
176.028;аннабергит;1047.50030;0;
176.028;аннабергит;1022.00100;0;
176.028;аннабергит;1036.40000;0;
176.028;аннабергит;1036.12000;0;
176.028;аннабергит;1036.60000;0;
176.028;аннабергит;1032;2.50000;
176.028;аннабергит;1033;3.00000;
176.028;аннабергит;1015;3000.00000;
176.028;аннабергит;1016;3100.00000;
176.028;аннабергит;1041.30000;0;
176.029;анортит;1037.10000;0;
176.029;анортит;1047.42000;0;
176.029;анортит;1022.00100;0;
176.029;анортит;1032;6.00000;
176.029;анортит;1033;6.50000;
176.029;анортит;1042.60000;0;
176.029;анортит;1015;2740.00000;
176.029;анортит;1016;2760.00000;
176.029;анортит;1041.35000;0;
176.029;анортит;1041.84000;0;
176.029;анортит;1041.83500;0;
176.029;анортит;1041.84500;0;
176.029;анортит;1046.40000;0;
176.03;анортозит;1015;2740.00000;
176.03;анортозит;1016;2760.00000;
176.03;анортозит;1032;6.00000;
176.03;анортозит;1033;6.50000;
176.031;антимонит;1037.30000;0;
176.031;антимонит;1039.80000;0;
176.031;антимонит;1047.66000;0;
176.031;антимонит;1047.05000;0;
176.031;антимонит;1047.80700;0;
176.031;антимонит;1025.85000;0;
176.031;антимонит;1036.10000;0;
176.031;антимонит;1032;2.00000;
176.031;антимонит;1033;2.50000;
176.031;антимонит;1015;4500.00000;
176.031;антимонит;1016;4600.00000;
176.031;антимонит;1049.70000;0;
176.031;антимонит;1049.20000;0;
176.031;антимонит;1058;546.00000;
176.031;антимонит;1041.19500;0;
176.031;антимонит;1046.67500;0;
176.0311;антофиллит_асбест ;1047.70000;0;
176.0311;антофиллит_асбест ;1022.00100;0;
176.0311;антофиллит_асбест ;1047.10000;0;
176.032;апатит;1037.50000;0;
176.032;апатит;1022.53100;0;
176.032;апатит;1031;5.00000;
176.032;апатит;1014;2950.00000;
176.033;апофиллит;1047.68500;0;
176.033;апофиллит;1022.00200;0;
176.033;апофиллит;1022.01600;0;
176.033;апофиллит;1022.00100;0;
176.033;апофиллит;1040.40000;0;
176.033;апофиллит;1032;4.50000;
176.033;апофиллит;1033;5.00000;
176.033;апофиллит;1015;2330.00000;
176.033;апофиллит;1016;2370.00000;
176.033;апофиллит;1041.19500;0;
176.033;апофиллит;1041.88000;0;
176.034;арагонит;1037.30000;0;
176.034;арагонит;1039.51000;0;
176.034;арагонит;1025.40500;0;
176.034;арагонит;1022.00100;0;
176.034;арагонит;1032;3.50000;
176.034;арагонит;1033;4.00000;
176.034;арагонит;1014;3000.00000;
176.034;арагонит;1041.30000;0;
176.034;арагонит;1041.84120;0;
176.034;арагонит;1046.86500;0;
176.034;арагонит;1046.87010;0;
176.034;арагонит;1046.65100;0;
176.036;арфведсонит;1047.68500;0;
176.036;арфведсонит;1022.80000;0;
176.036;арфведсонит;1036.40000;0;
176.036;арфведсонит;1036.12000;0;
176.036;арфведсонит;1036.60000;0;
176.036;арфведсонит;1040.94500;0;
176.036;арфведсонит;1032;5.50000;
176.036;арфведсонит;1033;6.00000;
176.036;арфведсонит;1015;3400.00000;
176.036;арфведсонит;1016;3500.00000;
176.036;арфведсонит;1100.41200;0;
176.036;арфведсонит;1100.52400;0;
176.036;арфведсонит;1100.81600;0;
176.036;арфведсонит;1100.47200;0;
176.036;арфведсонит;1100.30800;0;
176.037;асбест;1032;2.00000;
176.037;асбест;1033;2.50000;
176.037;асбест;1058;1500.00000;
176.037;асбест;1116.10000;0;
176.037;асбест;1090.40000;0;
176.037;асбест;1105.60000;0;
176.037;асбест;1050;3.00000;
176.037;асбест;1058;1100.00000;
176.037;асбест;1078;100.00000;
176.037;асбест;1079;175.00000;
176.037;асбест;1078;2.00000;
176.037;асбест;1079;3.00000;
176.037;асбест;1046.25000;0;
176.038;асболан;1039.10000;0;
176.038;асболан;1047.30000;0;
176.038;асболан;1022.80000;0;
176.038;асболан;1032;4.00000;
176.038;асболан;1033;5.00000;
176.038;асболан;1015;3100.00000;
176.038;асболан;1016;3700.00000;
176.038;асболан;1041.30000;0;
176.039;астрофиллит;1037.10000;0;
176.039;астрофиллит;1039.50000;0;
176.039;астрофиллит;1047.83600;0;
176.039;астрофиллит;1022.03100;0;
176.039;астрофиллит;1032;2.00000;
176.039;астрофиллит;1033;3.00000;
176.039;астрофиллит;1015;3300.00000;
176.039;астрофиллит;1016;3400.00000;
176.039;астрофиллит;1042.60000;0;
176.039;астрофиллит;1046.87110;0;
176.04;аурипигмент;1037.20000;0;
176.04;аурипигмент;1039.50000;0;
176.04;аурипигмент;1047.83600;0;
176.04;аурипигмент;1022.03100;0;
176.04;аурипигмент;1082.50000;0;
176.04;аурипигмент;1040.65100;0;
176.04;аурипигмент;1032;1.50000;
176.04;аурипигмент;1033;2.00000;
176.04;аурипигмент;1014;3500.00000;
176.04;аурипигмент;1068.10000;0;
176.04;аурипигмент;1046.43000;0;
176.04;аурипигмент;1046.42000;0;
176.041;ашарит;1039.51100;0;
176.041;ашарит;1047.50000;0;
176.041;ашарит;1022.00100;0;
176.041;ашарит;1042.60000;0;
176.041;ашарит;1032;3.00000;
176.041;ашарит;1033;3.50000;
176.041;ашарит;1014;2690.00000;
176.041;ашарит;1100.85300;0;
176.041;ашарит;1100.72010;0;
176.042;бавенит;1037.30000;0;
176.042;бавенит;1047.70000;0;
176.042;бавенит;1022.00200;0;
176.042;бавенит;1040.40000;0;
176.042;бавенит;1032;5.50000;
176.042;бавенит;1033;6.00000;
176.042;бавенит;1014;2700.00000;
176.042;бавенит;1046.47200;0;
176.043;бадделеит;1037.20000;0;
176.043;бадделеит;1039.20000;0;
176.043;бадделеит;1038.50000;0;
176.043;бадделеит;1025.40100;0;
176.043;бадделеит;1022.20000;0;
176.043;бадделеит;1022.59000;0;
176.043;бадделеит;1022.02900;0;
176.043;бадделеит;1025.50000;0;
176.043;бадделеит;1025.35000;0;
176.043;бадделеит;1042.60000;0;
176.043;бадделеит;1031;6.00000;
176.043;бадделеит;1015;5300.00000;
176.043;бадделеит;1016;5500.00000;
176.043;бадделеит;1041.37000;0;
176.043;бадделеит;1041.38000;0;
176.043;бадделеит;1041.32500;0;
176.043;бадделеит;1041.18000;0;
176.043;бадделеит;1041.88000;0;
176.043;бадделеит;1041.19000;0;
176.043;бадделеит;1041.12000;0;
176.043;бадделеит;1046.87120;0;
176.044;базальт;1126.10700;0;
176.044;базальт;1126.65100;0;
176.044;базальт;1025.10000;0;
176.045;барит;1037.30000;0;
176.045;барит;1022.00200;0;
176.045;барит;1022.47000;0;
176.045;барит;1015;4300.00000;
176.045;барит;1016;4500.00000;
176.045;барит;1032;3.00000;
176.045;барит;1033;3.50000;
176.045;барит;1047.50000;0;
176.045;барит;1046.70000;0;
176.045;барит;1046.44400;0;
176.046;бастнезит;1037.50000;0;
176.046;бастнезит;1039.51000;0;
176.046;бастнезит;1047.68500;0;
176.046;бастнезит;1022.03100;0;
176.046;бастнезит;1022.47000;0;
176.046;бастнезит;1032;4.00000;
176.046;бастнезит;1033;5.00000;
176.046;бастнезит;1015;4900.00000;
176.046;бастнезит;1016;5200.00000;
176.046;бастнезит;1041.19500;0;
176.047;бемит;1037.30000;0;
176.047;бемит;1039.50000;0;
176.047;бемит;1022.00200;0;
176.047;бемит;1022.47000;0;
176.047;бемит;1042.60000;0;
176.047;бемит;1032;3.50000;
176.047;бемит;1033;4.00000;
176.047;бемит;1014;3100.00000;
176.047;бемит;1041.32700;0;
176.047;бемит;1041.32550;0;
176.047;бемит;1046.48000;0;
176.048;берилл;1037.50000;0;
176.048;берилл;1047.68500;0;
176.048;берилл;1022.00200;0;
176.048;берилл;1032;7.50000;
176.048;берилл;1033;8.00000;
176.048;берилл;1015;2650.00000;
176.048;берилл;1016;2750.00000;
176.049;бертрандит;1037.30000;0;
176.049;бертрандит;1047.70000;0;
176.049;бертрандит;1022.00200;0;
176.049;бертрандит;1040.65100;0;
176.049;бертрандит;1042.60000;0;
176.049;бертрандит;1031;6.00000;
176.049;бертрандит;1015;2540.00000;
176.049;бертрандит;1016;2600.00000;
176.05;биотит;1037.20000;0;
176.05;биотит;1038.50000;0;
176.05;биотит;1022.80000;0;
176.05;биотит;1032;2.50000;
176.05;биотит;1033;3.00000;
176.05;биотит;1015;2700.00000;
176.05;биотит;1016;3300.00000;
176.05;биотит;1041.35000;0;
176.05;биотит;1041.40400;0;
176.05;биотит;1041.84300;0;
176.05;биотит;1046.44110;0;
176.051;бирюза;1037.10000;0;
176.051;бирюза;1047.23000;0;
176.051;бирюза;1036.40000;0;
176.051;бирюза;1036.12000;0;
176.051;бирюза;1036.60000;0;
176.051;бирюза;1032;5.00000;
176.051;бирюза;1033;6.00000;
176.051;бирюза;1015;2500.00000;
176.051;бирюза;1016;2850.00000;
176.051;бирюза;1041.32700;0;
176.051;бирюза;1041.32700;0;
176.051;бирюза;1041.32200;0;
176.052;блеклая_руда ;1037.70000;0;
176.052;блеклая_руда ;1038.50350;0;
176.052;блеклая_руда ;1038.30100;0;
176.052;блеклая_руда ;1038.32400;0;
176.052;блеклая_руда ;1022.20000;0;
176.052;блеклая_руда ;1036.10000;0;
176.052;блеклая_руда ;1032;3.00000;
176.052;блеклая_руда ;1033;4.50000;
176.052;блеклая_руда ;1014;4600.00000;
176.052;блеклая_руда ;1041.19500;0;
176.0521;бонинит;1022.01090;0;
176.0521;бонинит;1047.51000;0;
176.0521;бонинит;1047.50260;0;
176.0521;бонинит;1041.32520;0;
176.0521;бонинит;1008.60000;0;
176.0521;бонинит;1041.35000;0;
176.0521;бонинит;1081.40000;0;
176.0521;бонинит;0.00000;0;
176.0521;бонинит;2.00000;0;
176.0521;бонинит;1025.10000;0;
176.0521;бонинит;1025.43000;0;
176.0521;бонинит;1025.79000;0;
176.053;борнит;1037.70000;0;
176.053;борнит;1037.40000;0;
176.053;борнит;1039.90000;0;
176.053;борнит;1047.41100;0;
176.053;борнит;1036.14000;0;
176.053;борнит;1032;3.00000;
176.053;борнит;1033;4.00000;
176.053;борнит;1015;4900.00000;
176.053;борнит;1016;5300.00000;
176.053;борнит;1042.60000;0;
176.053;борнит;1068.40000;0;
176.053;борнит;1108;0.00000;
176.053;борнит;1041.30000;0;
176.054;браунит;1037.40000;0;
176.054;браунит;1038.01000;0;
176.054;браунит;1047.42000;0;
176.054;браунит;1022.80000;0;
176.054;браунит;1022.90000;0;
176.054;браунит;1042.60000;0;
176.054;браунит;1040.65100;0;
176.054;браунит;1032;6.00000;
176.054;браунит;1033;6.50000;
176.054;браунит;1015;4700.00000;
176.054;браунит;1016;4900.00000;
176.054;браунит;1041.19500;0;
176.054;браунит;1100.57300;0;
176.054;браунит;1100.70500;0;
176.054;браунит;1100.70510;0;
176.0541;бромаргирит;1022.03100;0;
176.0541;бромаргирит;1042.20000;0;
176.0541;бромаргирит;1031;2.00000;
176.0541;бромаргирит;1014;6400.00000;
176.0541;бромаргирит;1041.32260;0;
176.055;бронзит;1037.30000;0;
176.055;бронзит;1047.42000;0;
176.055;бронзит;1022.01100;0;
176.055;бронзит;1032;5.00000;
176.055;бронзит;1033;6.00000;
176.055;бронзит;1014;3300.00000;
176.055;бронзит;1041.35000;0;
176.055;бронзит;1041.40400;0;
176.055;бронзит;1041.84020;0;
176.056;брошантит;1037.20000;0;
176.056;брошантит;1039.51000;0;
176.056;брошантит;1038.50000;0;
176.056;брошантит;1047.42000;0;
176.056;брошантит;1022.05800;0;
176.056;брошантит;1040.65100;0;
176.056;брошантит;1032;3.50000;
176.056;брошантит;1033;4.00000;
176.056;брошантит;1014;3970.00000;
176.056;брошантит;1041.30000;0;
176.057;брусит;1037.60000;0;
176.057;брусит;1038.50000;0;
176.057;брусит;1022.00100;0;
176.057;брусит;1040.65100;0;
176.057;брусит;1031;2.00000;
176.057;брусит;1014;2400.00000;
176.057;брусит;1068.45000;0;
176.057;брусит;1041.32700;0;
176.057;брусит;1046.67600;0;
176.058;буланжерит;1037.20000;0;
176.058;буланжерит;1039.80100;0;
176.058;буланжерит;1047.00200;0;
176.058;буланжерит;1047.48000;0;
176.058;буланжерит;1047.83500;0;
176.058;буланжерит;1047.83700;0;
176.058;буланжерит;1022.80000;0;
176.058;буланжерит;1036.10000;0;
176.058;буланжерит;1014;6230.00000;
176.058;буланжерит;1032;2.50000;
176.058;буланжерит;1033;3.00000;
176.058;буланжерит;1046.05000;0;
176.059;бурнонит;1037.30000;0;
176.059;бурнонит;1039.80100;0;
176.059;бурнонит;1047.42000;0;
176.059;бурнонит;1036.10000;0;
176.059;бурнонит;1042.60000;0;
176.059;бурнонит;1015;5700.00000;
176.059;бурнонит;1016;5900.00000;
176.059;бурнонит;1032;3.00000;
176.059;бурнонит;1033;3.00000;
176.059;бурнонит;1022.57700;0;
176.059;бурнонит;1090.30000;0;
176.06;вад;1047.52400;0;
176.06;вад;1022.80000;0;
176.06;вад;1031;4.00000;
176.06;вад;1015;2800.00000;
176.06;вад;1016;4400.00000;
176.06;вад;1041.30000;0;
176.06;вад;1041.32700;0;
176.06;вад;1100.41250;0;
176.061;ванадинит;1037.50000;0;
176.061;ванадинит;1047.68500;0;
176.061;ванадинит;1032;2.73000;
176.061;ванадинит;1033;3.00000;
176.061;ванадинит;1015;6500.00000;
176.061;ванадинит;1016;7100.00000;
176.061;ванадинит;1046.04920;0;
176.062;везувиан;1037.40000;0;
176.062;везувиан;1047.70000;0;
176.062;везувиан;1022.00200;0;
176.062;везувиан;1036.40000;0;
176.062;везувиан;1036.12000;0;
176.062;везувиан;1036.60000;0;
176.062;везувиан;1082.50000;0;
176.062;везувиан;1031;6.00000;
176.062;везувиан;1015;3320.00000;
176.062;везувиан;1016;3420.00000;
176.063;вермикулит;1037.20000;0;
176.063;вермикулит;1038.50000;0;
176.063;вермикулит;1022.20000;0;
176.063;вермикулит;1032;1.00000;
176.063;вермикулит;1033;1.50000;
176.063;вермикулит;1015;2400.00000;
176.063;вермикулит;1016;2700.00000;
176.063;вермикулит;1109;20.00000;
176.063;вермикулит;1110;30.00000;
176.063;вермикулит;1041.32700;0;
176.063;вермикулит;1046.44100;0;
176.064;вивианит;1037.20000;0;
176.064;вивианит;1038.50000;0;
176.064;вивианит;1022.02100;0;
176.064;вивианит;1047.52000;0;
176.064;вивианит;1047.65000;0;
176.064;вивианит;1047.35000;0;
176.064;вивианит;1022.03100;0;
176.064;вивианит;1022.01100;0;
176.064;вивианит;1022.25000;0;
176.064;вивианит;1032;1.50000;
176.064;вивианит;1033;2.00000;
176.064;вивианит;1014;2700.00000;
176.064;вивианит;1041.30000;0;
176.064;вивианит;1041.32450;0;
176.064;вивианит;1022.53000;0;
176.066;висмутин;1037.30000;0;
176.066;висмутин;1022.00100;0;
176.066;висмутин;1036.10000;0;
176.066;висмутин;1040.40000;0;
176.066;висмутин;1031;3.00000;
176.066;висмутин;1014;044.00000;
176.066;висмутин;5.00000;0;
176.066;висмутин;1041.19500;0;
176.066;висмутин;1041.32100;0;
176.066;висмутин;1041.88000;0;
176.066;висмутин;1041.67000;0;
176.066;висмутин;1041.84300;0;
176.065;висмут_самородный ;1037.60000;0;
176.065;висмут_самородный ;1039.51000;0;
176.065;висмут_самородный ;1038.50000;0;
176.065;висмут_самородный ;1022.00100;0;
176.065;висмут_самородный ;1040.40000;0;
176.065;висмут_самородный ;1031;2.00000;
176.065;висмут_самородный ;1015;9700.00000;
176.065;висмут_самородный ;1016;9800.00000;
176.065;висмут_самородный ;1058;270.00000;
176.065;висмут_самородный ;1041.19500;0;
176.067;витерит;1037.30000;0;
176.067;витерит;1039.51000;0;
176.067;витерит;1047.68500;0;
176.067;витерит;1022.00100;0;
176.067;витерит;1022.47000;0;
176.067;витерит;1042.60000;0;
176.067;витерит;1040.94150;0;
176.067;витерит;1031;3.00000;
176.067;витерит;1014;4300.00000;
176.067;витерит;1041.19500;0;
176.068;воджинит;1037.20000;0;
176.068;воджинит;1039.51000;0;
176.068;воджинит;1038.32000;0;
176.068;воджинит;1022.20000;0;
176.068;воджинит;1082.20000;0;
176.068;воджинит;1042.60000;0;
176.068;воджинит;1032;5.50000;
176.068;воджинит;1033;6.00000;
176.068;воджинит;1015;7200.00000;
176.068;воджинит;1016;7800.00000;
176.068;воджинит;1046.04905;0;
176.069;волластонит;1038.50000;0;
176.069;волластонит;1022.00200;0;
176.069;волластонит;1036.40000;0;
176.069;волластонит;1036.60000;0;
176.069;волластонит;1040.20000;0;
176.069;волластонит;1042.60000;0;
176.069;волластонит;1032;5.00000;
176.069;волластонит;1033;5.50000;
176.069;волластонит;1015;2900.00000;
176.069;волластонит;1016;3000.00000;
176.069;волластонит;1046.40000;0;
176.069;волластонит;1046.43000;0;
176.069;волластонит;1046.69000;0;
176.07;вольфрамит;1037.20000;0;
176.07;вольфрамит;1039.80000;0;
176.07;вольфрамит;1038.07000;0;
176.07;вольфрамит;1047.00100;0;
176.07;вольфрамит;1022.20000;0;
176.07;вольфрамит;1036.10000;0;
176.07;вольфрамит;1042.60000;0;
176.07;вольфрамит;1040.40000;0;
176.07;вольфрамит;1032;5.00000;
176.07;вольфрамит;1033;5.50000;
176.07;вольфрамит;1015;7100.00000;
176.07;вольфрамит;1016;7600.00000;
176.072;вульфенит;1037.40000;0;
176.072;вульфенит;1038.50000;0;
176.072;вульфенит;1022.41000;0;
176.072;вульфенит;1036.30000;0;
176.072;вульфенит;1042.60000;0;
176.072;вульфенит;1031;3.00000;
176.072;вульфенит;1014;044.00000;
176.072;вульфенит;1100.24400;0;
176.073;вюртцит;1038.50000;0;
176.073;вюртцит;1022.05100;0;
176.073;вюртцит;1036.40000;0;
176.073;вюртцит;1036.12000;0;
176.073;вюртцит;1036.60000;0;
176.073;вюртцит;1082.20000;0;
176.073;вюртцит;1042.60000;0;
176.073;вюртцит;1032;3.50000;
176.073;вюртцит;1033;4.00000;
176.073;вюртцит;1014;4000.00000;
176.074;габбро;1041.35000;0;
176.074;габбро;1070.40000;0;
176.074;габбро;1039.57000;0;
176.074;габбро;1046.84800;0;
176.074;габбро;1041.82000;0;
176.074;габбро;1126.45200;0;
176.074;габбро;1126.59000;0;
176.074;габбро;1126.15000;0;
176.074;габбро;1126.39000;0;
176.074;габбро;1126.63500;0;
176.074;габбро;1025.50000;0;
176.074;габбро;1126.71000;0;
176.074;габбро;1126.21000;0;
176.074;габбро;1025.37000;0;
176.074;габбро;1025.40500;0;
176.075;галенит;1047.20000;0;
176.075;галенит;1036.10000;0;
176.075;галенит;1040.65100;0;
176.075;галенит;1032;2.00000;
176.075;галенит;1033;3.00000;
176.075;галенит;1042.60000;0;
176.075;галенит;1015;7400.00000;
176.075;галенит;1016;7600.00000;
176.075;галенит;1041.19500;0;
176.076;галит;1038.30100;0;
176.076;галит;1038.32400;0;
176.076;галит;1047.11000;0;
176.076;галит;1022.00100;0;
176.076;галит;1036.40000;0;
176.076;галит;1036.12000;0;
176.076;галит;1036.60000;0;
176.076;галит;1040.63000;0;
176.076;галит;1031;2.00000;
176.076;галит;1014;2173.00000;
176.076;галит;1058;772.00000;
176.076;галит;1046.70000;0;
176.077;галлуазит;1037.20000;0;
176.077;галлуазит;1039.50000;0;
176.077;галлуазит;1047.11000;0;
176.077;галлуазит;1046.40010;0;
176.077;галлуазит;1022.00100;0;
176.077;галлуазит;1036.09000;0;
176.077;галлуазит;1032;1.00000;
176.077;галлуазит;1033;2.50000;
176.077;галлуазит;1015;2000.00000;
176.077;галлуазит;1016;2600.00000;
176.078;гарниерит;1037.20000;0;
176.078;гарниерит;1039.50000;0;
176.078;гарниерит;1047.50000;0;
176.078;гарниерит;1022.03100;0;
176.078;гарниерит;1036.09000;0;
176.078;гарниерит;1032;2.50000;
176.078;гарниерит;1033;3.00000;
176.078;гарниерит;1015;2300.00000;
176.078;гарниерит;1016;2800.00000;
176.078;гарниерит;1041.32700;0;
176.08;гаусманит;1038.31040;0;
176.08;гаусманит;1047.42000;0;
176.08;гаусманит;1022.80000;0;
176.08;гаусманит;1036.14000;0;
176.08;гаусманит;1040.20000;0;
176.08;гаусманит;1032;5.00000;
176.08;гаусманит;1033;5.50000;
176.08;гаусманит;1042.60000;0;
176.08;гаусманит;1015;4700.00000;
176.08;гаусманит;1016;4900.00000;
176.08;гаусманит;1041.19500;0;
176.08;гаусманит;1100.41250;0;
176.08;гаусманит;1046.88000;0;
176.081;геденбергит;1047.95000;0;
176.081;геденбергит;1022.80000;0;
176.081;геденбергит;1022.47000;0;
176.081;геденбергит;1032;5.50000;
176.081;геденбергит;1033;6.00000;
176.081;геденбергит;1015;3500.00000;
176.081;геденбергит;1016;3600.00000;
176.081;геденбергит;1040.93100;0;
176.081;геденбергит;1042.60000;0;
176.081;геденбергит;1098.47000;0;
176.081;геденбергит;1098.26110;0;
176.081;геденбергит;1098.21010;0;
176.081;геденбергит;1098.72100;0;
176.081;геденбергит;1098.88000;0;
176.083;гельвин;1037.70000;0;
176.083;гельвин;1047.52200;0;
176.083;гельвин;1022.20000;0;
176.083;гельвин;1032;5.50000;
176.083;гельвин;1033;6.00000;
176.083;гельвин;1015;3200.00000;
176.083;гельвин;1016;3450.00000;
176.084;гематит;1037.60000;0;
176.084;гематит;1039.51000;0;
176.084;гематит;1038.50000;0;
176.084;гематит;1040.10000;0;
176.084;гематит;1022.80000;0;
176.084;гематит;1032;5.00000;
176.084;гематит;1033;6.00000;
176.084;гематит;1015;4300.00000;
176.084;гематит;1016;5300.00000;
176.084;гематит;1041.88000;0;
176.085;гемиморфит;1047.70000;0;
176.085;гемиморфит;1038.50000;0;
176.085;гемиморфит;1022.00200;0;
176.085;гемиморфит;1022.00100;0;
176.085;гемиморфит;1022.02100;0;
176.085;гемиморфит;1022.03100;0;
176.085;гемиморфит;1022.05000;0;
176.085;гемиморфит;1036.40000;0;
176.085;гемиморфит;1036.12000;0;
176.085;гемиморфит;1036.60000;0;
176.085;гемиморфит;1040.65100;0;
176.085;гемиморфит;1032;4.00000;
176.085;гемиморфит;1033;5.00000;
176.085;гемиморфит;1042.60000;0;
176.085;гемиморфит;1014;3450.00000;
176.085;гемиморфит;1068.45000;0;
176.086;гетит;1037.30000;0;
176.086;гетит;1039.50000;0;
176.086;гетит;1047.50000;0;
176.086;гетит;1047.69600;0;
176.086;гетит;1022.80000;0;
176.086;гетит;1032;5.00000;
176.086;гетит;1033;5.50000;
176.086;гетит;1015;4100.00000;
176.086;гетит;1016;4300.00000;
176.086;гетит;1068.40000;0;
176.086;гетит;1046.44140;0;
176.087;гиацинт;1022.02410;0;
176.087;гиацинт;1038.91100;0;
176.087;гиацинт;1032;6.50000;
176.087;гиацинт;1033;7.00000;
176.087;гиацинт;1015;3900.00000;
176.087;гиацинт;1016;4700.00000;
176.087;гиацинт;1036.01000;0;
176.087;гиацинт;1043.80000;0;
176.088;гидраргиллит;1047.50710;0;
176.088;гидраргиллит;1022.00100;0;
176.088;гидраргиллит;1036.40000;0;
176.088;гидраргиллит;1036.12000;0;
176.088;гидраргиллит;1040.65100;0;
176.088;гидраргиллит;1032;2.50000;
176.088;гидраргиллит;1033;3.00000;
176.088;гидраргиллит;1014;2430.00000;
176.088;гидраргиллит;1022.47000;0;
176.088;гидраргиллит;1041.19500;0;
176.088;гидраргиллит;1046.43500;0;
176.089;гидроборацит;1037.20000;0;
176.089;гидроборацит;1047.60400;0;
176.089;гидроборацит;1040.20000;0;
176.089;гидроборацит;1031;2.00000;
176.089;гидроборацит;1014;2167.00000;
176.089;гидроборацит;1036.40000;0;
176.089;гидроборацит;1036.60000;0;
176.089;гидроборацит;1100.12000;0;
176.09;гиперстен;1037.30000;0;
176.09;гиперстен;1038.50000;0;
176.09;гиперстен;1047.42000;0;
176.09;гиперстен;1022.51000;0;
176.09;гиперстен;1032;5.00000;
176.09;гиперстен;1033;6.00000;
176.09;гиперстен;1015;3300.00000;
176.09;гиперстен;1016;3500.00000;
176.09;гиперстен;1040.93100;0;
176.0901;гиперстен базальт;1025.10000;0;
176.0901;гиперстен базальт;0.00000;0;
176.0901;гиперстен базальт;1022.51000;0;
176.0901;гиперстен базальт;1041.13000;0;
176.091;гипс;1037.20000;0;
176.091;гипс;1038.50000;0;
176.091;гипс;1040.65100;0;
176.091;гипс;1047.50000;0;
176.091;гипс;1036.40000;0;
176.091;гипс;1036.12000;0;
176.091;гипс;1036.60000;0;
176.091;гипс;1032;1.50000;
176.091;гипс;1033;2.00000;
176.091;гипс;1014;2300.00000;
176.091;гипс;1041.96020;0;
176.091;гипс;1046.62000;0;
176.091;гипс;1046.60040;0;
176.093;глауконит;1037.20000;0;
176.093;глауконит;1039.50000;0;
176.093;глауконит;1047.85300;0;
176.093;глауконит;1047.65100;0;
176.093;глауконит;1022.05100;0;
176.093;глауконит;1032;2.00000;
176.093;глауконит;1033;3.00000;
176.093;глауконит;1015;2200.00000;
176.093;глауконит;1016;2900.00000;
176.093;глауконит;1041.32700;0;
176.094;глаукофан;1047.11000;0;
176.094;глаукофан;1047.68500;0;
176.094;глаукофан;1022.00200;0;
176.094;глаукофан;1032;5.50000;
176.094;глаукофан;1033;6.00000;
176.094;глаукофан;1015;3100.00000;
176.094;глаукофан;1016;3300.00000;
176.094;глаукофан;1040.61000;0;
176.094;глаукофан;1045.40000;0;
176.096;гранат;1037.70000;0;
176.096;гранат;1022.05100;0;
176.096;гранат;1036.40000;0;
176.096;гранат;1036.12000;0;
176.096;гранат;1036.60000;0;
176.096;гранат;1032;6.00000;
176.096;гранат;1033;7.50000;
176.096;гранат;1015;3570.00000;
176.096;гранат;1016;3598.00000;
176.096;гранат;1049.50000;0;
176.096;гранат;1041.32520;0;
176.096;гранат;1041.88000;0;
176.096;гранат;1043.80000;0;
176.099;гранит;1022.51000;0;
176.099;гранит;1008.30000;0;
176.099;гранит;1099.12000;0;
176.099;гранит;1047.41200;0;
176.099;гранит;1039.57000;0;
176.099;гранит;1126.65200;0;
176.099;гранит;1025.10500;0;
176.099;гранит;1025.10000;0;
176.099;гранит;1126.65100;0;
176.099;гранит;1025.10100;0;
176.099;гранит;1126.35000;0;
176.099;гранит;1025.60000;0;
176.099;гранит;1025.10200;0;
176.099;гранит;1126.45200;0;
176.099;гранит;1126.85100;0;
176.099;гранит;1126.10500;0;
176.099;гранит;1126.47100;0;
176.1;гранодиорит;1022.51000;0;
176.1;гранодиорит;1047.50050;0;
176.1;гранодиорит;1126.20000;0;
176.1;гранодиорит;1126.10000;0;
176.1;гранодиорит;1126.65200;0;
176.101;графит;1037.50000;0;
176.101;графит;1039.50000;0;
176.101;графит;1047.93000;0;
176.101;графит;1040.65100;0;
176.101;графит;1022.51000;0;
176.101;графит;1036.10000;0;
176.101;графит;1049.20000;0;
176.101;графит;1032;1.00000;
176.101;графит;1033;2.00000;
176.101;графит;1014;2250.00000;
176.101;графит;1090.10000;0;
176.101;графит;1108;1108.00000;
176.101;графит;1047.84100;0;
176.101;графит;1041.35000;0;
176.101;графит;1047.11000;0;
176.102;гроссуляр;1032;3500.00000;
176.102;гроссуляр;1033;3700.00000;
176.102;гроссуляр;1038.08000;0;
176.102;гроссуляр;1022.00200;0;
176.102;гроссуляр;1043.80000;0;
176.102;гроссуляр;1022.05100;0;
176.103;даналит;1037.70000;0;
176.103;даналит;1047.46000;0;
176.103;даналит;1038.50350;0;
176.103;даналит;1038.32400;0;
176.103;даналит;1032;5.50000;
176.103;даналит;1033;6.00000;
176.103;даналит;1014;3500.00000;
176.103;даналит;1022.20000;0;
176.103;даналит;1041.88000;0;
176.104;датолит;1037.20000;0;
176.104;датолит;1039.50000;0;
176.104;датолит;1038.08000;0;
176.104;датолит;1022.47000;0;
176.104;датолит;1032;5.00000;
176.104;датолит;1033;5.60000;
176.104;датолит;1014;3000.00000;
176.105;дацит;1126.10700;0;
176.105;дацит;1126.65100;0;
176.105;дацит;1025.10000;0;
176.105;дацит;1025.40500;0;
176.105;дацит;1025.40700;0;
176.105;дацит;1126.79200;0;
176.105;дацит;1126.47200;0;
176.105;дацит;1025.37000;0;
176.105;дацит;1126.90000;0;
176.105;дацит;1041.96300;0;
176.106;джемсонит;1047.68500;0;
176.106;джемсонит;1022.02800;0;
176.106;джемсонит;1036.10000;0;
176.106;джемсонит;1042.60000;0;
176.106;джемсонит;1040.65100;0;
176.106;джемсонит;1032;2.00000;
176.106;джемсонит;1033;3.00000;
176.106;джемсонит;1015;5500.00000;
176.106;джемсонит;1016;6000.00000;
176.106;джемсонит;1041.19500;0;
176.106;джемсонит;1081.38000;0;
176.107;диаспор;1038.30500;0;
176.107;диаспор;1022.00100;0;
176.107;диаспор;1022.47000;0;
176.107;диаспор;1042.60000;0;
176.107;диаспор;1040.40000;0;
176.107;диаспор;1032;6.80000;
176.107;диаспор;1033;7.00000;
176.107;диаспор;1014;3400.00000;
176.107;диаспор;1041.30000;0;
176.109;диопсид;1037.20000;0;
176.109;диопсид;1022.05100;0;
176.109;диопсид;1022.47000;0;
176.109;диопсид;1032;5.50000;
176.109;диопсид;1033;6.00000;
176.109;диопсид;1014;3350.00000;
176.11;диоптаз;1037.60000;0;
176.11;диоптаз;1047.20000;0;
176.11;диоптаз;1022.05100;0;
176.11;диоптаз;1022.47000;0;
176.11;диоптаз;1036.40000;0;
176.11;диоптаз;1036.12000;0;
176.11;диоптаз;1036.60000;0;
176.11;диоптаз;1040.65100;0;
176.11;диоптаз;1031;5.00000;
176.11;диоптаз;1014;3300.00000;
176.11;диоптаз;1022.47000;0;
176.112;диорит;1022.51000;0;
176.112;диорит;1126.30000;0;
176.112;диорит;1126.45200;0;
176.113;долерит;1041.35000;0;
176.113;долерит;1126.45200;0;
176.113;долерит;1126.37000;0;
176.113;долерит;1126.59000;0;
176.113;долерит;1025.37000;0;
176.113;долерит;1025.40700;0;
176.114;доломит;1039.52000;0;
176.114;доломит;1038.50000;0;
176.114;доломит;1047.42000;0;
176.114;доломит;1022.00100;0;
176.114;доломит;1036.40000;0;
176.114;доломит;1036.12000;0;
176.114;доломит;1036.60000;0;
176.114;доломит;1040.65100;0;
176.114;доломит;1032;3.50000;
176.114;доломит;1033;4.00000;
176.114;доломит;1014;2850.00000;
176.114;доломит;1041.32550;0;
176.114;доломит;1093;2000.00000;
176.114;доломит;1094;2800.00000;
176.114;доломит;1120;0.00000;
176.114;доломит;1050;20.00000;
176.1141;дунит;1022.05000;0;
176.1141;дунит;1126.45200;0;
176.1141;дунит;1126.77000;0;
176.1141;дунит;1025.37000;0;
176.1141;дунит;1126.71000;0;
176.115;жадеит;1031;7.00000;
176.115;жадеит;1015;3200.00000;
176.115;жадеит;1016;3500.00000;
176.116;железо_самородное ;1047.50100;0;
176.116;железо_самородное ;1022.57500;0;
176.116;железо_самородное ;1032;4.00000;
176.116;железо_самородное ;1033;5.00000;
176.116;железо_самородное ;1015;7000.00000;
176.116;железо_самородное ;1016;7800.00000;
176.116;железо_самородное ;1042.20000;0;
176.116;железо_самородное ;1068.90000;0;
176.117;золото_самородное ;1047.22000;0;
176.117;золото_самородное ;1038.08000;0;
176.117;золото_самородное ;1038.30200;0;
176.117;золото_самородное ;1047.21000;0;
176.117;золото_самородное ;1036.10000;0;
176.117;золото_самородное ;1031;3.00000;
176.117;золото_самородное ;1033;45.00000;
176.117;золото_самородное ;1041.83000;0;
176.118;изумруд;1022.05100;0;
176.118;изумруд;1031;8.00000;
176.12;ильменит;1037.60000;0;
176.12;ильменит;1022.80000;0;
176.12;ильменит;1036.14000;0;
176.12;ильменит;1022.01100;0;
176.12;ильменит;1042.60000;0;
176.12;ильменит;1014;4800.00000;
176.12;ильменит;1032;5.00000;
176.12;ильменит;1033;6.00000;
176.12;ильменит;1068.70000;0;
176.12;ильменит;1041.19500;0;
176.12;ильменит;1100.60010;0;
176.12;ильменит;1041.83000;0;
176.121;ильменорутил;1038.01700;0;
176.121;ильменорутил;1015;4350.00000;
176.121;ильменорутил;1016;5590.00000;
176.121;ильменорутил;1100.32610;0;
176.121;ильменорутил;1100.50100;0;
176.1211;иод;1014;4900.00000;
176.1211;иод;1058;113.00000;
176.1211;иод;1061;184.00000;
176.1211;иод;1064;0.00000;
176.1211;иод;1065;54.00000;
176.1211;иод;1066;0.00000;
176.1211;иод;1046.49100;0;
176.1212;иодид_природный ;1047.50030;0;
176.1212;иодид_природный ;1036.01000;0;
176.1212;иодид_природный ;1031;2.00000;
176.1212;иодид_природный ;1014;5600.00000;
176.1212;иодид_природный ;1036.01000;0;
176.1212;иодид_природный ;1032;1.00000;
176.1212;иодид_природный ;1033;1.50000;
176.1212;иодид_природный ;1015;5500.00000;
176.1212;иодид_природный ;1016;5700.00000;
176.1212;иодид_природный ;1022.03100;0;
176.1212;иодид_природный ;1022.25000;0;
176.123;исландский_шпат ;1022.00200;0;
176.123;исландский_шпат ;1022.03100;0;
176.124;каинит;1047.60000;0;
176.124;каинит;1036.40000;0;
176.124;каинит;1036.12000;0;
176.124;каинит;1036.60000;0;
176.124;каинит;1032;2.50000;
176.124;каинит;1033;3.00000;
176.124;каинит;1014;2150.00000;
176.125;калаверит;1037.20000;0;
176.125;калаверит;1039.20000;0;
176.125;калаверит;1047.68500;0;
176.125;калаверит;1022.00100;0;
176.125;калаверит;1036.10000;0;
176.125;калаверит;1014;9300.00000;
176.125;калаверит;1032;3.50000;
176.125;калаверит;1033;5.00000;
176.125;калаверит;1041.19500;0;
176.125;калаверит;1046.82000;0;
176.127;кальцит;1037.60000;0;
176.127;кальцит;1039.52000;0;
176.127;кальцит;1040.65100;0;
176.127;кальцит;1047.50000;0;
176.127;кальцит;1022.00100;0;
176.127;кальцит;1036.40000;0;
176.127;кальцит;1036.12000;0;
176.127;кальцит;1042.60000;0;
176.127;кальцит;1031;3.00000;
176.127;кальцит;1014;2710.00000;
176.127;кальцит;1041.96020;0;
176.127;кальцит;1041.19500;0;
176.127;кальцит;1046.60040;0;
176.128;канкринит;1037.50000;0;
176.128;канкринит;1039.15000;0;
176.128;канкринит;1047.68500;0;
176.128;канкринит;1022.03100;0;
176.128;канкринит;1036.40000;0;
176.128;канкринит;1036.12000;0;
176.128;канкринит;1036.60000;0;
176.128;канкринит;1040.65100;0;
176.128;канкринит;1042.60000;0;
176.128;канкринит;1032;5.50000;
176.128;канкринит;1033;6.00000;
176.128;канкринит;1014;2500.00000;
176.128;канкринит;1046.45000;0;
176.13;карналлит;1037.30000;0;
176.13;карналлит;1039.51000;0;
176.13;карналлит;1031;2.00000;
176.13;карналлит;1014;1600.00000;
176.13;карналлит;1022.47000;0;
176.13;карналлит;1041.83250;0;
176.13;карналлит;1041.16100;0;
176.13;карналлит;1046.69100;0;
176.13;карналлит;1046.04915;0;
176.131;карнотит;1037.20000;0;
176.131;карнотит;1039.51000;0;
176.131;карнотит;1022.03100;0;
176.131;карнотит;1042.60000;0;
176.131;карнотит;1040.65100;0;
176.131;карнотит;1031;2.00000;
176.131;карнотит;1014;5000.00000;
176.131;карнотит;1100.06000;0;
176.131;карнотит;1100.78800;0;
176.132;касситерит;1037.40000;0;
176.132;касситерит;1038.07000;0;
176.132;касситерит;1048.20000;0;
176.132;касситерит;1048.40000;0;
176.132;касситерит;1032;6.00000;
176.132;касситерит;1033;7.00000;
176.132;касситерит;1014;7000.00000;
176.132;касситерит;1040.91200;0;
176.132;касситерит;1041.19500;0;
176.133;кварц;1100.83800;0;
176.133;кварц;1047.68500;0;
176.133;кварц;1031;7.00000;
176.133;кварц;1014;2650.00000;
176.133;кварц;1040.91000;0;
176.133;кварц;1041.35000;0;
176.133;кварц;1041.19500;0;
176.133;кварц;1046.44100;0;
176.133;кварц;1046.45000;0;
176.1331;кварцевыйвый_диорит ;1022.51000;0;
176.1331;кварцевыйвый_диорит ;1046.84800;0;
176.1331;кварцевыйвый_диорит ;1126.30000;0;
176.1331;кварцевыйвый_диорит ;1126.45200;0;
176.1332;кварцевый_трахит ;1041.83600;0;
176.1332;кварцевый_трахит ;1039.57000;0;
176.135;квасцы_природные ;1037.70000;0;
176.135;квасцы_природные ;1039.52000;0;
176.135;квасцы_природные ;1047.52400;0;
176.135;квасцы_природные ;1022.00100;0;
176.135;квасцы_природные ;1031;2.00000;
176.135;квасцы_природные ;1015;1600.00000;
176.135;квасцы_природные ;1016;1750.00000;
176.1361;керсанит;1098.69000;0;
176.1361;керсанит;1047.50050;0;
176.1361;керсанит;1047.50050;0;
176.137;кианит;1037.10000;0;
176.137;кианит;1047.70000;0;
176.137;кианит;1022.00120;0;
176.137;кианит;1032;5.50000;
176.137;кианит;1033;7.00000;
176.137;кианит;1014;3500.00000;
176.1371;кимберлит;1041.32520;0;
176.1371;кимберлит;1046.11320;0;
176.1371;кимберлит;1090.20000;0;
176.1371;кимберлит;1081.40000;0;
176.1371;кимберлит;1025.10000;0;
176.1371;кимберлит;1025.37000;0;
176.1371;кимберлит;1025.40700;0;
176.1371;кимберлит;1126.10500;0;
176.138;киноварь;1037.60000;0;
176.138;киноварь;1047.68500;0;
176.138;киноварь;1022.95320;0;
176.138;киноварь;1036.01000;0;
176.138;киноварь;1032;2.00000;
176.138;киноварь;1033;2.50000;
176.138;киноварь;1015;8000.00000;
176.138;киноварь;1016;8200.00000;
176.138;киноварь;1041.19500;0;
176.139;кнопит;1041.19500;0;
176.14;кобальтин;1037.70000;0;
176.14;кобальтин;1038.30100;0;
176.14;кобальтин;1038.32400;0;
176.14;кобальтин;1022.00100;0;
176.14;кобальтин;1036.10000;0;
176.14;кобальтин;1042.60000;0;
176.14;кобальтин;1040.63000;0;
176.14;кобальтин;1031;5.00000;
176.14;кобальтин;1014;6200.00000;
176.141;ковеллин;1037.50000;0;
176.141;ковеллин;1038.50000;0;
176.141;ковеллин;1022.80000;0;
176.141;ковеллин;1036.09000;0;
176.141;ковеллин;1042.60000;0;
176.141;ковеллин;1032;2.00000;
176.141;ковеллин;1033;2.50000;
176.141;ковеллин;1015;4600.00000;
176.141;ковеллин;1016;4700.00000;
176.142;колеманит;1037.20000;0;
176.142;колеманит;1038.41100;0;
176.142;колеманит;1022.00200;0;
176.142;колеманит;1036.40000;0;
176.142;колеманит;1036.12000;0;
176.142;колеманит;1036.60000;0;
176.142;колеманит;1031;4.00000;
176.142;колеманит;1014;2400.00000;
176.142;колеманит;1040.66100;0;
176.142;колеманит;1022.00100;0;
176.142;колеманит;1022.01100;0;
176.143;колумбит;1037.30000;0;
176.143;колумбит;1032;6.00000;
176.143;колумбит;1033;6.50000;
176.143;колумбит;1014;5200.00000;
176.143;колумбит;1041.86400;0;
176.1431;коматит;1041.13000;0;
176.1431;коматит;1070.62000;0;
176.1431;коматит;1037.30000;0;
176.1431;коматит;1039.90000;0;
176.1431;коматит;1041.84320;0;
176.1431;коматит;1100.61600;0;
176.1431;коматит;1126.79000;0;
176.145;корунд;1038.50000;0;
176.145;корунд;1041.40000;0;
176.145;корунд;1047.60000;0;
176.145;корунд;1022.47000;0;
176.145;корунд;1036.40000;0;
176.145;корунд;1036.12000;0;
176.145;корунд;1036.60000;0;
176.145;корунд;1031;9.00000;
176.145;корунд;1014;4000.00000;
176.145;корунд;1022.47000;0;
176.146;кремень;1047.50000;0;
176.146;кремень;1031;7.00000;
176.146;кремень;1045.50000;0;
176.147;криолит;1037.20000;0;
176.147;криолит;1047.42000;0;
176.147;криолит;1022.00200;0;
176.147;криолит;1022.47000;0;
176.147;криолит;1036.40000;0;
176.147;криолит;1036.12000;0;
176.147;криолит;1036.60000;0;
176.147;криолит;1031;2.00000;
176.147;криолит;1014;2967.00000;
176.147;криолит;1042.60000;0;
176.147;криолит;1083.10000;0;
176.147;криолит;1022.00200;0;
176.149;крокоит;1039.52000;0;
176.149;крокоит;1047.68500;0;
176.149;крокоит;1022.45500;0;
176.149;крокоит;1040.40000;0;
176.149;крокоит;1032;2.50000;
176.149;крокоит;1033;3.00000;
176.149;крокоит;1015;5600.00000;
176.149;крокоит;1016;6100.00000;
176.149;крокоит;1042.60000;0;
176.15;ксенотим;1037.40000;0;
176.15;ксенотим;1047.68500;0;
176.15;ксенотим;1022.00100;0;
176.15;ксенотим;1032;4.00000;
176.15;ксенотим;1033;5.00000;
176.15;ксенотим;1014;4300.00000;
176.15;ксенотим;1042.60000;0;
176.15;ксенотим;1041.19500;0;
176.151;кубанит;1037.30000;0;
176.151;кубанит;1047.85550;0;
176.151;кубанит;1022.03100;0;
176.151;кубанит;1036.10000;0;
176.151;кубанит;1068.71000;0;
176.151;кубанит;1032;3.50000;
176.151;кубанит;1033;4.00000;
176.151;кубанит;1015;4030.00000;
176.151;кубанит;1016;4180.00000;
176.152;куприт;1037.70000;0;
176.152;куприт;1047.42000;0;
176.152;куприт;1022.25100;0;
176.152;куприт;1045.50000;0;
176.152;куприт;1032;3.50000;
176.152;куприт;1033;4.00000;
176.152;куприт;1014;6140.00000;
176.153;лабрадор;1025.10000;0;
176.153;лабрадор;1025.30000;0;
176.153;лабрадор;1022.51000;0;
176.153;лабрадор;1022.20000;0;
176.153;лабрадор;1041.35000;0;
176.153;лабрадор;1099.06000;0;
176.153;лабрадор;1099.30000;0;
176.153;лабрадор;1099.48000;0;
176.153;лабрадор;1099.30000;0;
176.153;лабрадор;1038.50000;0;
176.153;лабрадор;1025.37000;0;
176.153;лабрадор;1126.45200;0;
176.153;лабрадор;1126.60000;0;
176.154;лазурит;1037.70000;0;
176.154;лазурит;1047.50860;0;
176.154;лазурит;1070.54050;0;
176.154;лазурит;1022.53000;0;
176.154;лазурит;1036.40000;0;
176.154;лазурит;1036.12000;0;
176.154;лазурит;1036.60000;0;
176.154;лазурит;1032;5.50000;
176.154;лазурит;1033;6.00000;
176.154;лазурит;1014;2400.00000;
176.154;лазурит;1041.88000;0;
176.155;лампрофиллит;1037.20000;0;
176.155;лампрофиллит;1047.22000;0;
176.155;лампрофиллит;1022.20000;0;
176.155;лампрофиллит;1032;2.00000;
176.155;лампрофиллит;1033;3.00000;
176.155;лампрофиллит;1015;3400.00000;
176.155;лампрофиллит;1016;3500.00000;
176.155;лампрофиллит;1040.65100;0;
176.155;лампрофиллит;1041.19500;0;
176.155;лампрофиллит;1100.82600;0;
176.155;лампрофиллит;1041.33100;0;
176.1551;латит;1025.10000;0;
176.1551;латит;1126.10000;0;
176.1551;латит;1025.37000;0;
176.1552;лейкогранит;1047.41200;0;
176.1552;лейкогранит;1025.37000;0;
176.1552;лейкогранит;1126.71000;0;
176.1552;лейкогранит;1126.65200;0;
176.156;лейцит;1037.40000;0;
176.156;лейцит;1047.15000;0;
176.156;лейцит;1047.50050;0;
176.156;лейцит;1022.00100;0;
176.156;лейцит;1032;5.50000;
176.156;лейцит;1033;6.00000;
176.156;лейцит;1015;2450.00000;
176.156;лейцит;1016;2500.00000;
176.156;лейцит;1042.60000;0;
176.1561;лейцитовый фонолит ;0.00000;0;
176.1561;лейцитовый фонолит ;1046.84800;0;
176.1561;лейцитовый фонолит ;1099.81000;0;
176.157;лепидокрокит;1022.50100;0;
176.157;лепидокрокит;1022.47000;0;
176.157;лепидокрокит;1040.11000;0;
176.157;лепидокрокит;1032;2.50000;
176.157;лепидокрокит;1033;3.00000;
176.157;лепидокрокит;1015;2800.00000;
176.157;лепидокрокит;1016;2900.00000;
176.157;лепидокрокит;1037.60000;0;
176.158;лепидолит;1047.11000;0;
176.158;лепидолит;1022.20000;0;
176.158;лепидолит;1036.01000;0;
176.158;лепидолит;1040.40000;0;
176.158;лепидолит;1032;4.00000;
176.158;лепидолит;1033;5.00000;
176.158;лепидолит;1015;3840.00000;
176.158;лепидолит;1016;4100.00000;
176.158;лепидолит;1042.60000;0;
176.158;лепидолит;1041.19500;0;
176.158;лепидолит;1037.30000;0;
176.161;ловчоррит;1022.03100;0;
176.161;ловчоррит;1031;5.00000;
176.161;ловчоррит;1015;3200.00000;
176.161;ловчоррит;1016;3360.00000;
176.161;ловчоррит;1042.60000;0;
176.162;лопарит;1042.60000;0;
176.162;лопарит;1022.80000;0;
176.162;лопарит;1036.10000;0;
176.162;лопарит;1032;5.50000;
176.162;лопарит;1033;6.00000;
176.162;лопарит;1015;4600.00000;
176.162;лопарит;1016;4900.00000;
176.1621;людвигит;1037.30000;0;
176.1621;людвигит;1047.68500;0;
176.1621;людвигит;1022.80000;0;
176.1621;людвигит;1031;5.00000;
176.1621;людвигит;1015;3700.00000;
176.1621;людвигит;1016;4750.00000;
176.1621;людвигит;1068.40000;0;
176.1621;людвигит;1098.73000;0;
176.1621;людвигит;1098.43000;0;
176.164;магнетит;1037.70000;0;
176.164;магнетит;1047.83600;0;
176.164;магнетит;1022.80000;0;
176.164;магнетит;1040.12000;0;
176.164;магнетит;1032;5.50000;
176.164;магнетит;1033;6.00000;
176.164;магнетит;1014;5200.00000;
176.164;магнетит;1068.71000;0;
176.165;малахит;1037.20000;0;
176.165;малахит;1047.68500;0;
176.165;малахит;1032;3.50000;
176.165;малахит;1033;4.00000;
176.165;малахит;1015;3900.00000;
176.165;малахит;1016;4100.00000;
176.165;малахит;1036.40000;0;
176.165;малахит;1036.60000;0;
176.166;манганит;1032;3.50000;
176.166;манганит;1033;4.00000;
176.166;манганит;1015;4200.00000;
176.166;манганит;1016;4400.00000;
176.166;манганит;1042.60000;0;
176.166;манганит;1041.19500;0;
176.166;манганит;1041.19500;0;
176.167;маргарит;1042.60000;0;
176.167;маргарит;1037.20000;0;
176.167;маргарит;1047.97000;0;
176.167;маргарит;1022.00100;0;
176.167;маргарит;1040.40000;0;
176.167;маргарит;1032;3.50000;
176.167;маргарит;1033;4.00000;
176.167;маргарит;1015;3000.00000;
176.167;маргарит;1016;3100.00000;
176.167;маргарит;1042.60000;0;
176.168;марказит;1037.30000;0;
176.168;марказит;1047.50000;0;
176.168;марказит;1038.50000;0;
176.168;марказит;1022.03100;0;
176.168;марказит;1036.10000;0;
176.168;марказит;1040.91200;0;
176.168;марказит;1032;6.00000;
176.168;марказит;1033;6.50000;
176.168;марказит;1014;4900.00000;
176.168;марказит;1042.60000;0;
176.1691;мафурит;1041.96300;0;
176.1691;мафурит;1022.00200;0;
176.1691;мафурит;1039.57000;0;
176.1691;мафурит;1098.05000;0;
176.1691;мафурит;1100.61600;0;
176.1691;мафурит;1100.57600;0;
176.17;медь_самородная ;1037.70000;0;
176.17;медь_самородная ;1038.30100;0;
176.17;медь_самородная ;1038.32400;0;
176.17;медь_самородная ;1047.50100;0;
176.17;медь_самородная ;1022.20000;0;
176.17;медь_самородная ;1036.10000;0;
176.17;медь_самородная ;1032;2.50000;
176.17;медь_самородная ;1033;3.00000;
176.17;медь_самородная ;1015;8400.00000;
176.17;медь_самородная ;1016;8900.00000;
176.17;медь_самородная ;1042.20000;0;
176.17;медь_самородная ;1041.96210;0;
176.1701;меланелит;1022.80000;0;
176.1701;меланелит;1038.52000;0;
176.1701;меланелит;1022.01100;0;
176.1701;меланелит;1126.54000;0;
176.1701;меланелит;1025.10000;0;
176.1701;меланелит;1126.65100;0;
176.1701;меланелит;1126.10500;0;
176.1701;меланелит;1025.37000;0;
176.1701;меланелит;1025.37100;0;
176.1701;меланелит;1126.77500;0;
176.1701;меланелит;1025.60000;0;
176.1701;меланелит;1025.40700;0;
176.1701;меланелит;1126.85100;0;
176.1702;мелилит;1041.13000;0;
176.171;метациннабарит;1037.70000;0;
176.171;метациннабарит;1047.52400;0;
176.171;метациннабарит;1022.20000;0;
176.171;метациннабарит;1031;3.00000;
176.171;метациннабарит;1014;7700.00000;
176.171;метациннабарит;1042.60000;0;
176.1711;миаскит;1098.63100;0;
176.1711;миаскит;1126.45200;0;
176.1711;миаскит;1025.60000;0;
176.1711;миаскит;1126.30000;0;
176.1711;миаскит;1126.85100;0;
176.172;микроклин;1037.10000;0;
176.172;микроклин;1038.08000;0;
176.172;микроклин;1047.42000;0;
176.172;микроклин;1047.50110;0;
176.172;микроклин;1022.00100;0;
176.172;микроклин;1036.40000;0;
176.172;микроклин;1036.12000;0;
176.172;микроклин;1036.60000;0;
176.172;микроклин;1022.00200;0;
176.172;микроклин;1040.20000;0;
176.172;микроклин;1031;6.00000;
176.172;микроклин;1015;2550.00000;
176.172;микроклин;1016;2600.00000;
176.172;микроклин;1042.60000;0;
176.172;микроклин;1025.30100;0;
176.172;микроклин;1041.35000;0;
176.172;микроклин;1041.19500;0;
176.173;миларит;1047.68500;0;
176.173;миларит;1022.00100;0;
176.173;миларит;1032;6.00000;
176.173;миларит;1033;6.00000;
176.173;миларит;1015;2500.00000;
176.173;миларит;1016;2600.00000;
176.173;миларит;1041.40000;0;
176.174;миллерит;1037.60000;0;
176.174;миллерит;1047.70000;0;
176.174;миллерит;1022.03100;0;
176.174;миллерит;1040.65100;0;
176.174;миллерит;1032;3.50000;
176.174;миллерит;1033;4.00000;
176.174;миллерит;1015;5200.00000;
176.174;миллерит;1016;5600.00000;
176.174;миллерит;1042.60000;0;
176.174;миллерит;1090.90000;0;
176.174;миллерит;1041.19500;0;
176.1741;минеттит;1041.83600;0;
176.1741;минеттит;1025.10000;0;
176.1741;минеттит;1126.10500;0;
176.1741;минеттит;1025.35500;0;
176.1741;минеттит;1025.10200;0;
176.1741;минеттит;1126.60000;0;
176.175;мирабилит;1037.20000;0;
176.175;мирабилит;1047.50030;0;
176.175;мирабилит;1022.00200;0;
176.175;мирабилит;1036.40000;0;
176.175;мирабилит;1036.12000;0;
176.175;мирабилит;1036.60000;0;
176.175;мирабилит;1040.40000;0;
176.175;мирабилит;1042.60000;0;
176.175;мирабилит;1032;1.50000;
176.175;мирабилит;1033;2.00000;
176.175;мирабилит;1014;1480.00000;
176.175;мирабилит;1041.96020;0;
176.1751;миссурит;1039.57000;0;
176.1751;миссурит;1022.80000;0;
176.1751;миссурит;1126.10000;0;
176.1751;миссурит;1098.91000;0;
176.1751;миссурит;1100.57600;0;
176.1751;миссурит;1090.20000;0;
176.1751;миссурит;1025.37000;0;
176.1751;миссурит;1126.45200;0;
176.176;молибденит;1047.97000;0;
176.176;молибденит;1038.50000;0;
176.176;молибденит;1036.10000;0;
176.176;молибденит;1022.53210;0;
176.176;молибденит;1040.65100;0;
176.176;молибденит;1032;1.00000;
176.176;молибденит;1033;1.50000;
176.176;молибденит;1015;4600.00000;
176.176;молибденит;1016;5000.00000;
176.177;монацит;1037.20000;0;
176.177;монацит;1038.50000;0;
176.177;монацит;1047.50030;0;
176.177;монацит;1022.20000;0;
176.177;монацит;1022.20000;0;
176.177;монацит;1036.40000;0;
176.177;монацит;1036.12000;0;
176.177;монацит;1036.60000;0;
176.177;монацит;1040.40000;0;
176.177;монацит;1032;5.00000;
176.177;монацит;1033;6.00000;
176.177;монацит;1015;4900.00000;
176.177;монацит;1016;5500.00000;
176.177;монацит;1042.60000;0;
176.177;монацит;1041.35000;0;
176.1771;монцонит;1022.51000;0;
176.1771;монцонит;1126.49000;0;
176.1771;монцонит;1025.37000;0;
176.179;мрамор;1047.41200;0;
176.179;мрамор;1022.05100;0;
176.179;мрамор;1041.32530;0;
176.18;мусковит;1047.97000;0;
176.18;мусковит;1022.03050;0;
176.18;мусковит;1040.65100;0;
176.18;мусковит;1032;2.00000;
176.18;мусковит;1033;3.00000;
176.18;мусковит;1015;2800.00000;
176.18;мусковит;1016;2900.00000;
176.18;мусковит;1041.19500;0;
176.181;мышьяк_самородный ;1037.60000;0;
176.181;мышьяк_самородный ;1038.32500;0;
176.181;мышьяк_самородный ;1036.10000;0;
176.181;мышьяк_самородный ;1040.40000;0;
176.181;мышьяк_самородный ;1031;3.00000;
176.181;мышьяк_самородный ;1015;5630.00000;
176.181;мышьяк_самородный ;1016;5780.00000;
176.181;мышьяк_самородный ;1042.60000;0;
176.181;мышьяк_самородный ;1068.30000;0;
176.183;нефелин;1037.50000;0;
176.183;нефелин;1022.00200;0;
176.183;нефелин;1082.50000;0;
176.183;нефелин;1032;5.50000;
176.183;нефелин;1033;6.00000;
176.183;нефелин;1015;2550.00000;
176.183;нефелин;1016;2665.00000;
176.183;нефелин;1047.50050;0;
176.184;нефелиновый_сиенит ;1022.51000;0;
176.184;нефелиновый_сиенит ;1038.50000;0;
176.184;нефелиновый_сиенит ;1099.42100;0;
176.184;нефелиновый_сиенит ;1047.68500;0;
176.184;нефелиновый_сиенит ;1038.50000;0;
176.184;нефелиновый_сиенит ;1038.50000;0;
176.184;нефелиновый_сиенит ;1099.42100;0;
176.185;нефелиновый_фонолит ;1099.81000;0;
176.185;нефелиновый_фонолит ;1025.10000;0;
176.185;нефелиновый_фонолит ;1025.40500;0;
176.185;нефелиновый_фонолит ;1025.37000;0;
176.185;нефелиновый_фонолит ;1025.75000;0;
176.185;нефелиновый_фонолит ;1126.85000;0;
176.185;нефелиновый_фонолит ;1126.54000;0;
176.186;нефрит;1022.00100;0;
176.186;нефрит;1032;5.50000;
176.186;нефрит;1033;6.00000;
176.186;нефрит;1015;2900.00000;
176.186;нефрит;1016;3000.00000;
176.186;нефрит;1044.60000;0;
176.187;никелин;1038.50000;0;
176.187;никелин;1022.25000;0;
176.187;никелин;1036.10000;0;
176.187;никелин;1032;5.50000;
176.187;никелин;1033;6.00000;
176.187;никелин;1015;7600.00000;
176.187;никелин;1016;7800.00000;
176.187;никелин;1090.90000;0;
176.1871;норит;1022.51000;0;
176.1871;норит;1041.10200;0;
176.1871;норит;1126.45200;0;
176.1871;норит;1025.40500;0;
176.1871;норит;1025.50000;0;
176.188;обсидиан;1022.80000;0;
176.188;обсидиан;1031;5.00000;
176.188;обсидиан;1015;2500.00000;
176.188;обсидиан;1016;2600.00000;
176.189;оливин;1037.30000;0;
176.189;оливин;1038.08000;0;
176.189;оливин;1022.80000;0;
176.189;оливин;1036.40000;0;
176.189;оливин;1036.12000;0;
176.189;оливин;1036.60000;0;
176.189;оливин;1042.60000;0;
176.189;оливин;1040.60000;0;
176.189;оливин;1032;6.00000;
176.189;оливин;1033;7.00000;
176.189;оливин;1014;3200.00000;
176.189;оливин;1100.57600;0;
176.189;оливин;1070.62000;0;
176.1891;оливин_лампрофиллит ;1025.10000;0;
176.1891;оливин_лампрофиллит ;1025.37000;0;
176.1891;оливин_лампрофиллит ;1025.40700;0;
176.18915;оливин_меланелит ;1041.35000;0;
176.1892;оливин_мелилит ;1100.57600;0;
176.1892;оливин_мелилит ;1039.57000;0;
176.19;олигоклаз;1047.50100;0;
176.19;олигоклаз;1041.35000;0;
176.19;олигоклаз;1099.12000;0;
176.19;олигоклаз;1099.06000;0;
176.19;олигоклаз;1047.03000;0;
176.19;олигоклаз;1037.10000;0;
176.1911;онгонит;1022.02100;0;
176.1911;онгонит;1045.50000;0;
176.1911;онгонит;1025.10000;0;
176.1911;онгонит;1126.10500;0;
176.1911;онгонит;1025.10100;0;
176.192;оникс;1046.45000;0;
176.193;опал;1032;5.00000;
176.193;опал;1033;6.50000;
176.193;опал;1015;1850.00000;
176.193;опал;1016;2300.00000;
176.193;опал;1036.40000;0;
176.193;опал;1036.12000;0;
176.193;опал;1041.32700;0;
176.1951;пантеллит;1022.05000;0;
176.1951;пантеллит;1047.68500;0;
176.1951;пантеллит;1126.35000;0;
176.1951;пантеллит;1126.79600;0;
176.196;паризит;1037.60000;0;
176.196;паризит;1039.51000;0;
176.196;паризит;1047.30000;0;
176.196;паризит;1022.03100;0;
176.196;паризит;1022.00100;0;
176.196;паризит;1036.40000;0;
176.196;паризит;1036.12000;0;
176.196;паризит;1040.65100;0;
176.196;паризит;1045.50000;0;
176.196;паризит;1031;4.00000;
176.196;паризит;1014;4360.00000;
176.196;паризит;1041.32700;0;
176.196;паризит;1046.60100;0;
176.198;перидотит;1022.51000;0;
176.198;перидотит;1041.84320;0;
176.198;перидотит;1041.84320;0;
176.198;перидотит;1047.41200;0;
176.198;перидотит;1041.35000;0;
176.198;перидотит;1039.57000;0;
176.198;перидотит;1041.13000;0;
176.198;перидотит;1008.30000;0;
176.198;перидотит;1081.54100;0;
176.198;перидотит;1126.45200;0;
176.198;перидотит;1126.77000;0;
176.198;перидотит;1126.12000;0;
176.198;перидотит;1126.44000;0;
176.198;перидотит;1025.37000;0;
176.199;перовскит;1037.40000;0;
176.199;перовскит;1047.03000;0;
176.199;перовскит;1022.80000;0;
176.199;перовскит;1036.14000;0;
176.199;перовскит;1031;5.00000;
176.199;перовскит;1015;4000.00000;
176.199;перовскит;1016;4300.00000;
176.199;перовскит;1042.60000;0;
176.201;петалит;1037.20000;0;
176.201;петалит;1038.08000;0;
176.201;петалит;1022.00100;0;
176.201;петалит;1036.40000;0;
176.201;петалит;1036.12000;0;
176.201;петалит;1036.60000;0;
176.201;петалит;1042.60000;0;
176.201;петалит;1040.66200;0;
176.201;петалит;1032;6.00000;
176.201;петалит;1033;6.50000;
176.201;петалит;1015;2400.00000;
176.201;петалит;1016;2500.00000;
176.2011;пикрит;1100.61200;0;
176.2011;пикрит;1046.84800;0;
176.2011;пикрит;1047.50050;0;
176.2011;пикрит;1047.50050;0;
176.2011;пикрит;1070.62000;0;
176.2011;пикрит;1025.10000;0;
176.2011;пикрит;1126.65100;0;
176.2011;пикрит;1126.10500;0;
176.2011;пикрит;1025.79000;0;
176.2011;пикрит;1025.37000;0;
176.2011;пикрит;1025.37100;0;
176.2011;пикрит;1025.40700;0;
176.2012;пикробазит;1041.13000;0;
176.2012;пикробазит;1025.10000;0;
176.2012;пикробазит;1025.37000;0;
176.2012;пикробазит;1025.37100;0;
176.2012;пикробазит;1025.79000;0;
176.2012;пикробазит;1126.10500;0;
176.2012;пикробазит;1025.40700;0;
176.202;пираргирит;1037.60000;0;
176.202;пираргирит;1047.42000;0;
176.202;пираргирит;1022.80000;0;
176.202;пираргирит;1036.01000;0;
176.202;пираргирит;1032;2.00000;
176.202;пираргирит;1033;2.50000;
176.202;пираргирит;1014;5800.00000;
176.202;пираргирит;1042.40000;0;
176.202;пираргирит;1041.19500;0;
176.202;пираргирит;1041.19500;0;
176.203;пирит;1037.70000;0;
176.203;пирит;1022.03100;0;
176.203;пирит;1036.10000;0;
176.203;пирит;1022.80000;0;
176.203;пирит;1040.63000;0;
176.203;пирит;1045.50000;0;
176.203;пирит;1032;6.00000;
176.203;пирит;1033;6.50000;
176.203;пирит;1014;5000.00000;
176.203;пирит;1042.60000;0;
176.203;пирит;1041.19500;0;
176.203;пирит;1041.83000;0;
176.203;пирит;1047.20000;0;
176.2031;пироксен;1047.68500;0;
176.2031;пироксен;1047.68500;0;
176.2031;пироксен;1041.13000;0;
176.2031;пироксен;1070.62000;0;
176.2031;пироксен;1090.20000;0;
176.2031;пироксен;1025.10000;0;
176.2031;пироксен;1126.60000;0;
176.2031;пироксен;1126.30000;0;
176.2031;пироксен;1126.45200;0;
176.2031;пироксен;1126.77000;0;
176.204;пиролюзит;1037.40000;0;
176.204;пиролюзит;1038.07000;0;
176.204;пиролюзит;1022.80000;0;
176.204;пиролюзит;1036.10000;0;
176.204;пиролюзит;1022.57500;0;
176.204;пиролюзит;1022.80000;0;
176.204;пиролюзит;1040.61000;0;
176.204;пиролюзит;1032;6.00000;
176.204;пиролюзит;1033;6.50000;
176.204;пиролюзит;1015;4700.00000;
176.204;пиролюзит;1016;5000.00000;
176.204;пиролюзит;1042.60000;0;
176.204;пиролюзит;1041.30000;0;
176.204;пиролюзит;1100.12000;0;
176.204;пиролюзит;1041.32550;0;
176.205;пироморфит;1037.50000;0;
176.205;пироморфит;1047.68500;0;
176.205;пироморфит;1022.03100;0;
176.205;пироморфит;1036.01000;0;
176.205;пироморфит;1032;3.50000;
176.205;пироморфит;1033;4.00000;
176.205;пироморфит;1015;6700.00000;
176.205;пироморфит;1016;7100.00000;
176.205;пироморфит;1042.60000;0;
176.205;пироморфит;1100.24400;0;
176.2051;пироп;1037.70000;0;
176.2051;пироп;1022.28050;0;
176.2051;пироп;1036.40000;0;
176.2051;пироп;1036.12000;0;
176.2051;пироп;1036.60000;0;
176.2051;пироп;1100.47600;0;
176.2051;пироп;1022.01500;0;
176.206;пирофиллит;1047.70000;0;
176.206;пирофиллит;1022.00100;0;
176.206;пирофиллит;1036.40000;0;
176.206;пирофиллит;1036.12000;0;
176.206;пирофиллит;1040.65100;0;
176.206;пирофиллит;1032;1.00000;
176.206;пирофиллит;1033;2.00000;
176.206;пирофиллит;1015;2650.00000;
176.206;пирофиллит;1016;2900.00000;
176.206;пирофиллит;1046.40000;0;
176.206;пирофиллит;1046.45000;0;
176.206;пирофиллит;1037.20000;0;
176.207;пирохлор;1037.70000;0;
176.207;пирохлор;1022.47000;0;
176.207;пирохлор;1036.40000;0;
176.207;пирохлор;1036.12000;0;
176.207;пирохлор;1036.60000;0;
176.207;пирохлор;1045.50000;0;
176.207;пирохлор;1032;4.00000;
176.207;пирохлор;1033;5.50000;
176.208;пирротин;1037.20000;0;
176.208;пирротин;1039.20000;0;
176.208;пирротин;1038.50000;0;
176.208;пирротин;1022.03100;0;
176.208;пирротин;1036.10000;0;
176.208;пирротин;1042.60000;0;
176.208;пирротин;1040.91230;0;
176.208;пирротин;1032;3.50000;
176.208;пирротин;1033;4.00000;
176.208;пирротин;1015;4580.00000;
176.208;пирротин;1016;4700.00000;
176.208;пирротин;1090.90000;0;
176.208;пирротин;1068.90000;0;
176.208;пирротин;1090.90000;0;
176.208;пирротин;1098.60000;0;
176.208;плагио;1022.51000;0;
176.208;плагио;1126.65200;0;
176.208;плагио;1025.10500;0;
176.208;плагио;1126.30000;0;
176.209;повеллит;1038.50000;0;
176.209;повеллит;1022.00100;0;
176.209;повеллит;1047.97000;0;
176.209;повеллит;1031;3.00000;
176.209;повеллит;1015;4250.00000;
176.209;повеллит;1016;4520.00000;
176.209;повеллит;1041.19500;0;
176.21;полигалит;1039.52000;0;
176.21;полигалит;1047.11000;0;
176.21;полигалит;1022.00100;0;
176.21;полигалит;1036.40000;0;
176.21;полигалит;1036.12000;0;
176.21;полигалит;1036.60000;0;
176.21;полигалит;1042.60000;0;
176.21;полигалит;1031;3.00000;
176.21;полигалит;1014;2800.00000;
176.21;полигалит;1041.96020;0;
176.21;полигалит;1037.10000;0;
176.211;поллуцит;1022.00200;0;
176.211;поллуцит;1036.40000;0;
176.211;поллуцит;1036.12000;0;
176.211;поллуцит;1036.60000;0;
176.211;поллуцит;1031;6.00000;
176.211;поллуцит;1015;2700.00000;
176.211;поллуцит;1016;3000.00000;
176.211;поллуцит;1042.60000;0;
176.211;поллуцит;1037.70000;0;
176.212;пренит;1039.50000;0;
176.212;пренит;1047.83600;0;
176.212;пренит;1022.00100;0;
176.212;пренит;1082.10000;0;
176.212;пренит;1036.40000;0;
176.212;пренит;1036.12000;0;
176.212;пренит;1036.60000;0;
176.212;пренит;1040.93200;0;
176.212;пренит;1031;6.00000;
176.212;пренит;1015;2800.00000;
176.212;пренит;1016;3000.00000;
176.212;пренит;1042.60000;0;
176.212;пренит;1041.10460;0;
176.212;пренит;1037.30000;0;
176.213;прустит;1037.60000;0;
176.213;прустит;1047.42000;0;
176.213;прустит;1022.25000;0;
176.213;прустит;1027.30000;0;
176.213;прустит;1022.47000;0;
176.213;прустит;1036.01000;0;
176.213;прустит;1045.50000;0;
176.213;прустит;1032;2.00000;
176.213;прустит;1033;2.50000;
176.213;прустит;1014;5600.00000;
176.213;прустит;1046.63000;0;
176.214;псиломелан;1047.76040;0;
176.214;псиломелан;1022.80000;0;
176.214;псиломелан;1036.14000;0;
176.214;псиломелан;1022.51030;0;
176.214;псиломелан;1022.80000;0;
176.214;псиломелан;1047.80710;0;
176.214;псиломелан;1032;5.00000;
176.214;псиломелан;1033;6.00000;
176.214;псиломелан;1015;4700.00000;
176.214;псиломелан;1016;4800.00000;
176.214;псиломелан;1042.60000;0;
176.214;псиломелан;1022.80000;0;
176.214;псиломелан;1037.20000;0;
176.215;реальгар;1037.20000;0;
176.215;реальгар;1047.42000;0;
176.215;реальгар;1047.68500;0;
176.215;реальгар;1022.03100;0;
176.215;реальгар;1040.65100;0;
176.215;реальгар;1032;1.50000;
176.215;реальгар;1033;2.00000;
176.215;реальгар;1014;3600.00000;
176.215;реальгар;1042.40000;0;
176.215;реальгар;1041.84120;0;
176.216;рибекит;1037.20000;0;
176.216;рибекит;1038.07000;0;
176.216;рибекит;1022.80000;0;
176.216;рибекит;1036.40000;0;
176.216;рибекит;1036.60000;0;
176.216;рибекит;1040.61000;0;
176.216;рибекит;1032;5.00000;
176.216;рибекит;1033;6.00000;
176.216;рибекит;1014;3400.00000;
176.216;рибекит;1100.65200;0;
176.216;рибекит;1100.76000;0;
176.217;риолит;1039.41000;0;
176.217;риолит;1039.57000;0;
176.217;риолит;1046.84800;0;
176.217;риолит;1025.37000;0;
176.217;риолит;1126.10000;0;
176.217;риолит;1126.65200;0;
176.2181;роговит;1038.60000;0;
176.2181;роговит;1038.32000;0;
176.2181;роговит;1046.84800;0;
176.219;родонит;1037.10000;0;
176.219;родонит;1039.80100;0;
176.219;родонит;1047.60400;0;
176.219;родонит;1022.01060;0;
176.219;родонит;1032;5.00000;
176.219;родонит;1033;6.50000;
176.219;родонит;1015;3400.00000;
176.219;родонит;1016;3700.00000;
176.219;родонит;1042.60000;0;
176.219;родонит;1041.19500;0;
176.219;родонит;1041.83000;0;
176.22;родохрозит;1038.32500;0;
176.22;родохрозит;1022.00100;0;
176.22;родохрозит;1097.10000;0;
176.22;родохрозит;1022.47000;0;
176.22;родохрозит;1036.40000;0;
176.22;родохрозит;1036.12000;0;
176.22;родохрозит;1040.65100;0;
176.22;родохрозит;1032;3.50000;
176.22;родохрозит;1033;4.00000;
176.22;родохрозит;1014;3700.00000;
176.22;родохрозит;1042.60000;0;
176.22;родохрозит;1046.45000;0;
176.22;родохрозит;1037.60000;0;
176.222;рубин;1022.47290;0;
176.222;рубин;1038.11000;0;
176.223;рутил;1047.68500;0;
176.223;рутил;1031;9.00000;
176.223;рутил;1014;4200.00000;
176.223;рутил;1042.60000;0;
176.223;рутил;1100.44400;0;
176.223;рутил;1100.32000;0;
176.223;рутил;1100.14800;0;
176.223;рутил;1041.86400;0;
176.223;рутил;1037.40000;0;
176.224;самарскит;1038.50000;0;
176.224;самарскит;1022.80000;0;
176.224;самарскит;1036.14000;0;
176.224;самарскит;1045.50000;0;
176.224;самарскит;1032;5.00000;
176.224;самарскит;1033;6.50000;
176.224;самарскит;1015;5800.00000;
176.224;самарскит;1016;6200.00000;
176.224;самарскит;1042.60000;0;
176.224;самарскит;1101.60000;0;
176.225;саниди;1038.50000;0;
176.225;саниди;1040.20000;0;
176.225;саниди;1031;6.00000;
176.225;саниди;1014;2600.00000;
176.225;саниди;1042.60000;0;
176.225;саниди;1041.35000;0;
176.225;саниди;1041.35000;0;
176.225;саниди;1046.40000;0;
176.226;селенит;1031;2.00000;
176.226;селенит;1046.45000;0;
176.227;сера_самородная ;1047.65100;0;
176.227;сера_самородная ;1022.03100;0;
176.227;сера_самородная ;1036.01000;0;
176.227;сера_самородная ;1032;1.00000;
176.227;сера_самородная ;1033;2.00000;
176.227;сера_самородная ;1015;2050.00000;
176.227;сера_самородная ;1016;2080.00000;
176.227;сера_самородная ;1042.60000;0;
176.227;сера_самородная ;1090.80000;0;
176.227;сера_самородная ;1116.12000;0;
176.227;сера_самородная ;1090.80000;0;
176.228;сердолик;1022.45110;0;
176.228;сердолик;1041.32700;0;
176.228;сердолик;1046.45000;0;
176.229;серпентин;1047.60245;0;
176.229;серпентин;1022.00100;0;
176.229;серпентин;1047.60000;0;
176.229;серпентин;1042.10100;0;
176.229;серпентин;1042.21000;0;
176.229;серпентин;1032;2.50000;
176.229;серпентин;1033;3.00000;
176.229;серпентин;1015;2500.00000;
176.229;серпентин;1016;2600.00000;
176.229;серпентин;1046.45000;0;
176.231;сидерит;1037.60000;0;
176.231;сидерит;1038.32500;0;
176.231;сидерит;1047.50000;0;
176.231;сидерит;1022.00100;0;
176.231;сидерит;1022.03100;0;
176.231;сидерит;1036.40000;0;
176.231;сидерит;1036.12000;0;
176.231;сидерит;1036.60000;0;
176.231;сидерит;1022.48000;0;
176.231;сидерит;1040.65100;0;
176.231;сидерит;1031;4.00000;
176.231;сидерит;1014;3960.00000;
176.231;сидерит;1041.32550;0;
176.232;сиенит;1022.51000;0;
176.232;сиенит;1047.50050;0;
176.232;сиенит;1100.69200;0;
176.232;сиенит;1126.20000;0;
176.232;сиенит;1126.65200;0;
176.232;сиенит;1025.37000;0;
176.232;сиенит;1126.45200;0;
176.232;сиенит;1025.60000;0;
176.232;сиенит;1126.85100;0;
176.2321;сиенит порфир ;1100.69200;0;
176.233;силлиманит;1037.30000;0;
176.233;силлиманит;1047.11000;0;
176.233;силлиманит;1047.68500;0;
176.233;силлиманит;1022.00100;0;
176.233;силлиманит;1036.40000;0;
176.233;силлиманит;1036.60000;0;
176.233;силлиманит;1082.50000;0;
176.233;силлиманит;1040.65100;0;
176.233;силлиманит;1031;7.00000;
176.233;силлиманит;1014;3240.00000;
176.233;силлиманит;1041.16230;0;
176.233;силлиманит;1100.34000;0;
176.233;силлиманит;1100.60000;0;
176.233;силлиманит;1100.08800;0;
176.233;силлиманит;1041.86400;0;
176.233;силлиманит;1043.80000;0;
176.234;сильвин;1037.70000;0;
176.234;сильвин;1039.20000;0;
176.234;сильвин;1047.20000;0;
176.234;сильвин;1036.40000;0;
176.234;сильвин;1036.12000;0;
176.234;сильвин;1036.60000;0;
176.234;сильвин;1040.66300;0;
176.234;сильвин;1031;2.00000;
176.234;сильвин;1014;2000.00000;
176.234;сильвин;1042.60000;0;
176.234;сильвин;1095.10000;0;
176.234;сильвин;1096.20000;0;
176.234;сильвин;1075.40000;0;
176.234;сильвин;1041.96020;0;
176.234;сильвин;1100.72010;0;
176.234;сильвин;1041.95510;0;
176.235;скаполит;1037.40000;0;
176.235;скаполит;1022.00100;0;
176.235;скаполит;1036.40000;0;
176.235;скаполит;1036.12000;0;
176.235;скаполит;1036.60000;0;
176.235;скаполит;1082.50000;0;
176.235;скаполит;1047.42100;0;
176.235;скаполит;1040.61000;0;
176.235;скаполит;1031;6.00000;
176.235;скаполит;1015;2600.00000;
176.235;скаполит;1016;2750.00000;
176.235;скаполит;1041.88000;0;
176.235;скаполит;1041.19500;0;
176.235;скаполит;1046.95000;0;
176.235;скаполит;1046.45000;0;
176.237;скуттерудит;1037.70000;0;
176.237;скуттерудит;1039.20000;0;
176.237;скуттерудит;1047.22000;0;
176.237;скуттерудит;1022.00100;0;
176.237;скуттерудит;1036.10000;0;
176.237;скуттерудит;1032;5.50000;
176.237;скуттерудит;1033;6.00000;
176.237;скуттерудит;1014;044.00000;
176.24;смитсонит;1047.50100;0;
176.24;смитсонит;1022.00200;0;
176.24;смитсонит;1022.47000;0;
176.24;смитсонит;1036.40000;0;
176.24;смитсонит;1036.12000;0;
176.24;смитсонит;1040.65100;0;
176.24;смитсонит;1032;4.50000;
176.24;смитсонит;1033;5.00000;
176.24;смитсонит;1015;4100.00000;
176.24;смитсонит;1016;4500.00000;
176.24;смитсонит;1042.60000;0;
176.241;содалит;1047.42000;0;
176.241;содалит;1022.53000;0;
176.241;содалит;1032;5.50000;
176.241;содалит;1033;6.00000;
176.241;содалит;1014;2300.00000;
176.241;содалит;1042.60000;0;
176.241;содалит;1046.45000;0;
176.241;содалит;1037.70000;0;
176.242;станнин;1022.57500;0;
176.242;станнин;1036.10000;0;
176.242;станнин;1032;3.00000;
176.242;станнин;1033;4.00000;
176.242;станнин;1015;4300.00000;
176.242;станнин;1016;4500.00000;
176.242;станнин;1042.60000;0;
176.242;станнин;1041.19500;0;
176.245;стронцианит;1047.68500;0;
176.245;стронцианит;1022.00200;0;
176.245;стронцианит;1022.47000;0;
176.245;стронцианит;1022.50700;0;
176.245;стронцианит;1036.40000;0;
176.245;стронцианит;1036.12000;0;
176.245;стронцианит;1036.60000;0;
176.245;стронцианит;1040.90000;0;
176.245;стронцианит;1031;3.00000;
176.245;стронцианит;1014;3700.00000;
176.245;стронцианит;1042.60000;0;
176.245;стронцианит;1041.32550;0;
176.245;стронцианит;1041.83000;0;
176.245;стронцианит;1037.30000;0;
176.246;сурьма_самородная ;1022.00100;0;
176.246;сурьма_самородная ;1040.40000;0;
176.246;сурьма_самородная ;1032;3.00000;
176.246;сурьма_самородная ;1033;3.50000;
176.246;сурьма_самородная ;1015;6600.00000;
176.246;сурьма_самородная ;1016;6700.00000;
176.246;сурьма_самородная ;1037.60000;0;
176.247;сфалерит;1038.30200;0;
176.247;сфалерит;1038.32200;0;
176.247;сфалерит;1038.50350;0;
176.247;сфалерит;1047.42000;0;
176.247;сфалерит;1022.20000;0;
176.247;сфалерит;1032;3.50000;
176.247;сфалерит;1033;4.00000;
176.247;сфалерит;1015;3900.00000;
176.247;сфалерит;1016;4100.00000;
176.247;сфалерит;1042.60000;0;
176.247;сфалерит;1040.62100;0;
176.247;сфалерит;1068.40000;0;
176.247;сфалерит;1068.30000;0;
176.247;сфалерит;1041.19500;0;
176.247;сфалерит;1037.70000;0;
176.248;тальк;1040.65100;0;
176.248;тальк;1022.00200;0;
176.248;тальк;1031;1.00000;
176.248;тальк;1015;2616.00000;
176.248;тальк;1016;2824.00000;
176.248;тальк;1041.32550;0;
176.249;тенардит;1047.42000;0;
176.249;тенардит;1022.03050;0;
176.249;тенардит;1036.40000;0;
176.249;тенардит;1036.12000;0;
176.249;тенардит;1036.60000;0;
176.249;тенардит;1032;2.50000;
176.249;тенардит;1033;3.00000;
176.249;тенардит;1015;2650.00000;
176.249;тенардит;1016;2700.00000;
176.249;тенардит;1037.30000;0;
176.251;тенорит;1047.70000;0;
176.251;тенорит;1022.80000;0;
176.251;тенорит;1082.20000;0;
176.251;тенорит;1040.65100;0;
176.251;тенорит;1032;3.00000;
176.251;тенорит;1033;4.00000;
176.251;тенорит;1015;6000.00000;
176.251;тенорит;1016;6400.00000;
176.251;тенорит;1041.30000;0;
176.251;тенорит;1037.20000;0;
176.2511;теннан;1038.50350;0;
176.2511;теннан;1038.30100;0;
176.2511;теннан;1038.32400;0;
176.2511;теннан;1022.80000;0;
176.2511;теннан;1036.10000;0;
176.2511;теннан;1045.50000;0;
176.2511;теннан;1032;3.50000;
176.2511;теннан;1033;4.00000;
176.2511;теннан;1015;4570.00000;
176.2511;теннан;1016;4750.00000;
176.2511;теннан;1042.60000;0;
176.2511;теннан;1037.70000;0;
176.252;тетраэдрит;1047.60200;0;
176.252;тетраэдрит;1022.53290;0;
176.252;тетраэдрит;1022.57600;0;
176.252;тетраэдрит;1036.10000;0;
176.252;тетраэдрит;1045.50000;0;
176.252;тетраэдрит;1032;3.00000;
176.252;тетраэдрит;1033;4.00000;
176.252;тетраэдрит;1015;4750.00000;
176.252;тетраэдрит;1016;5000.00000;
176.252;тетраэдрит;1042.60000;0;
176.252;тетраэдрит;1041.19500;0;
176.252;тетраэдрит;1037.70000;0;
176.253;тингуаит;1099.42100;0;
176.253;тингуаит;1047.50050;0;
176.253;тингуаит;1039.57000;0;
176.253;тингуаит;1126.30000;0;
176.253;тингуаит;1025.10000;0;
176.253;тингуаит;1025.10200;0;
176.253;тингуаит;1025.40500;0;
176.253;тингуаит;1126.85000;0;
176.253;тингуаит;1126.54000;0;
176.254;титанит;1032;5.00000;
176.254;титанит;1033;5.50000;
176.254;титанит;1015;3450.00000;
176.254;титанит;1016;3600.00000;
176.254;титанит;1036.40000;0;
176.254;титанит;1036.60000;0;
176.254;титанит;1022.41000;0;
176.254;титанит;1041.32250;0;
176.254;титанит;1037.20000;0;
176.255;топаз;1047.68500;0;
176.255;топаз;1022.00200;0;
176.255;топаз;1036.40000;0;
176.255;топаз;1036.12000;0;
176.255;топаз;1036.60000;0;
176.255;топаз;1031;8.00000;
176.255;топаз;1015;3400.00000;
176.255;топаз;1016;3600.00000;
176.255;топаз;1022.47000;0;
176.255;топаз;1037.30000;0;
176.2551;трахирит;1041.13000;0;
176.2551;трахирит;1126.10000;0;
176.2551;трахирит;1126.71000;0;
176.2551;трахирит;1126.45200;0;
176.256;трахит;1022.51000;0;
176.256;трахит;1041.13000;0;
176.256;трахит;1126.85000;0;
176.256;трахит;1126.57000;0;
176.256;трахит;1025.40700;0;
176.257;тремолит;1037.20000;0;
176.257;тремолит;1022.00100;0;
176.257;тремолит;1022.03300;0;
176.257;тремолит;1036.40000;0;
176.257;тремолит;1036.60000;0;
176.257;тремолит;1040.61000;0;
176.257;тремолит;1032;5.50000;
176.257;тремолит;1033;6.00000;
176.257;тремолит;1015;2900.00000;
176.257;тремолит;1016;3100.00000;
176.257;тремолит;1041.88000;0;
176.25701;троилит;1046.30410;0;
176.2571;троктолит;1038.08000;0;
176.2571;троктолит;1126.60000;0;
176.2571;троктолит;1126.15000;0;
176.2571;троктолит;1025.37000;0;
176.2571;троктолит;1126.39000;0;
176.2571;троктолит;1126.63900;0;
176.2571;троктолит;1126.45000;0;
176.258;турмалин;1047.70000;0;
176.258;турмалин;1022.00200;0;
176.258;турмалин;1022.47000;0;
176.258;турмалин;1022.05100;0;
176.258;турмалин;1036.40000;0;
176.258;турмалин;1036.60000;0;
176.258;турмалин;1031;7.00000;
176.258;турмалин;1015;3250.00000;
176.258;турмалин;1016;3340.00000;
176.258;турмалин;1042.60000;0;
176.26;уваровит;1047.20000;0;
176.26;уваровит;1036.40000;0;
176.26;уваровит;1036.12000;0;
176.26;уваровит;1036.60000;0;
176.26;уваровит;1032;6.50000;
176.26;уваровит;1033;7.00000;
176.26;уваровит;1015;3520.00000;
176.26;уваровит;1016;3750.00000;
176.26;уваровит;1041.19500;0;
176.26;уваровит;1037.70000;0;
176.261;улексит;1022.00100;0;
176.261;улексит;1032;1.00000;
176.261;улексит;1033;2.50000;
176.261;улексит;1015;1900.00000;
176.261;улексит;1016;2000.00000;
176.261;улексит;1042.60000;0;
176.261;улексит;1041.96020;0;
176.261;улексит;1037.10000;0;
176.2611;уртит;1039.57000;0;
176.2611;уртит;1047.68500;0;
176.2611;уртит;1047.50050;0;
176.2611;уртит;1126.20000;0;
176.2611;уртит;1046.84800;0;
176.2611;уртит;1041.96300;0;
176.2611;уртит;1025.10000;0;
176.2611;уртит;1047.15000;0;
176.2611;уртит;1008.60000;0;
176.2611;уртит;1098.91000;0;
176.2611;уртит;1025.37000;0;
176.2611;уртит;1126.45200;0;
176.2611;уртит;1126.60000;0;
176.2611;уртит;1025.60000;0;
176.2611;уртит;1126.85100;0;
176.2611;уртит;1126.54000;0;
176.262;фенакит;1022.00200;0;
176.262;фенакит;1036.40000;0;
176.262;фенакит;1036.12000;0;
176.262;фенакит;1036.60000;0;
176.262;фенакит;1032;7.50000;
176.262;фенакит;1033;8.00000;
176.262;фенакит;1015;2950.00000;
176.262;фенакит;1016;3000.00000;
176.262;фенакит;1037.60000;0;
176.263;филлит;1036.60000;0;
176.264;флогопит;1038.15000;0;
176.264;флогопит;1022.20000;0;
176.264;флогопит;1015;2800.00000;
176.264;флогопит;1016;3000.00000;
176.264;флогопит;1041.35000;0;
176.265;флюорит;1047.11000;0;
176.265;флюорит;1036.40000;0;
176.265;флюорит;1036.12000;0;
176.265;флюорит;1036.60000;0;
176.265;флюорит;1042.60000;0;
176.265;флюорит;1031;4.00000;
176.265;флюорит;1014;3180.00000;
176.265;флюорит;1022.00100;0;
176.265;флюорит;1041.19500;0;
176.265;флюорит;1037.70000;0;
176.267;фуксит;1022.53260;0;
176.268;халцедон;1022.95100;0;
176.268;халцедон;1041.32550;0;
176.269;халькантит;1047.42000;0;
176.269;халькантит;1022.05000;0;
176.269;халькантит;1036.40000;0;
176.269;халькантит;1036.12000;0;
176.269;халькантит;1036.60000;0;
176.269;халькантит;1045.50000;0;
176.269;халькантит;1031;3.00000;
176.269;халькантит;1015;2186.00000;
176.269;халькантит;1016;2386.00000;
176.269;халькантит;1042.60000;0;
176.269;халькантит;1041.30000;0;
176.269;халькантит;1037.10000;0;
176.27;халькозин;1047.42000;0;
176.27;халькозин;1036.10000;0;
176.27;халькозин;1045.50000;0;
176.27;халькозин;1032;2.50000;
176.27;халькозин;1033;3.00000;
176.27;халькозин;1015;5500.00000;
176.27;халькозин;1016;5800.00000;
176.27;халькозин;1041.30000;0;
176.27;халькозин;1046.11300;0;
176.27;халькозин;1041.19500;0;
176.271;халькопирит;1037.40000;0;
176.271;халькопирит;1047.80000;0;
176.271;халькопирит;1047.15000;0;
176.271;халькопирит;1022.03100;0;
176.271;халькопирит;1036.10000;0;
176.271;халькопирит;1032;3.50000;
176.271;халькопирит;1033;4.00000;
176.271;халькопирит;1015;4100.00000;
176.271;халькопирит;1016;4300.00000;
176.271;халькопирит;1042.60000;0;
176.271;халькопирит;1045.50000;0;
176.271;халькопирит;1041.19500;0;
176.2721;хлораргирит;1039.20000;0;
176.2721;хлораргирит;1047.42000;0;
176.2721;хлораргирит;1022.03100;0;
176.2721;хлораргирит;1022.20000;0;
176.2721;хлораргирит;1022.48000;0;
176.2721;хлораргирит;1036.01000;0;
176.2721;хлораргирит;1031;2.00000;
176.2721;хлораргирит;1015;5500.00000;
176.2721;хлораргирит;1016;5600.00000;
176.2721;хлораргирит;1042.26000;0;
176.2721;хлораргирит;1042.11200;0;
176.2721;хлораргирит;1122;1122.50000;
176.2721;хлораргирит;1046.63000;0;
176.2721;хлораргирит;1037.70000;0;
176.2721;хлораргирит;1038.30100;0;
176.273;хлорит;1036.40000;0;
176.273;хлорит;1036.12000;0;
176.273;хлорит;1015;2600.00000;
176.273;хлорит;1016;3300.00000;
176.273;хлорит;1031;2.00000;
176.275;хризоберилл;1022.00200;0;
176.275;хризоберилл;1022.25000;0;
176.275;хризоберилл;1031;8.00000;
176.275;хризоберилл;1015;3500.00000;
176.275;хризоберилл;1016;3800.00000;
176.275;хризоберилл;1041.30000;0;
176.275;хризоберилл;1037.30000;0;
176.276;хризоколла;1047.60000;0;
176.276;хризоколла;1022.59000;0;
176.276;хризоколла;1031;2.00000;
176.276;хризоколла;1015;1900.00000;
176.276;хризоколла;1016;2300.00000;
176.276;хризоколла;1041.30000;0;
176.276;хризоколла;1037.30000;0;
176.2761;хризолит;1022.02940;0;
176.277;хризопраз;1022.05100;0;
176.277;хризопраз;1070.62000;0;
176.277;хризопраз;1070.65400;0;
176.277;хризопраз;1043.90000;0;
176.278;хризотипасбест ;1022.00100;0;
176.278;хризотипасбест ;1032;2.00000;
176.278;хризотипасбест ;1033;3.00000;
176.278;хризотипасбест ;1015;2500.00000;
176.278;хризотипасбест ;1016;2600.00000;
176.278;хризотипасбест ;1037.20000;0;
176.2781;хромшпат;1037.70000;0;
176.2781;хромшпат;1022.80000;0;
176.2781;хромшпат;1036.10000;0;
176.2781;хромшпат;1042.60000;0;
176.2781;хромшпат;1032;5.50000;
176.2781;хромшпат;1033;7.00000;
176.2781;хромшпат;1015;4200.00000;
176.2781;хромшпат;1016;5100.00000;
176.2781;хромшпат;1041.86400;0;
176.28;целестин;1047.68500;0;
176.28;целестин;1022.00100;0;
176.28;целестин;1022.00200;0;
176.28;целестин;1036.40000;0;
176.28;целестин;1036.12000;0;
176.28;целестин;1036.60000;0;
176.28;целестин;1032;3.00000;
176.28;целестин;1033;3.00000;
176.28;целестин;1014;4000.00000;
176.28;целестин;1042.60000;0;
176.28;целестин;1046.88010;0;
176.28;целестин;1037.30000;0;
176.2801;цеолит;1022.00100;0;
176.2801;цеолит;1032;3.00000;
176.2801;цеолит;1033;5.00000;
176.2801;цеолит;1015;1900.00000;
176.2801;цеолит;1016;2800.00000;
176.281;церуссит;1047.42000;0;
176.281;церуссит;1022.00200;0;
176.281;церуссит;1022.47000;0;
176.281;церуссит;1022.50700;0;
176.281;церуссит;1036.40000;0;
176.281;церуссит;1036.12000;0;
176.281;церуссит;1040.91200;0;
176.281;церуссит;1032;3.00000;
176.281;церуссит;1033;3.00000;
176.281;церуссит;1014;6600.00000;
176.281;церуссит;1042.40000;0;
176.281;церуссит;1037.30000;0;
176.282;цинкит;1047.52020;0;
176.282;цинкит;1022.03100;0;
176.282;цинкит;1036.01000;0;
176.282;цинкит;1040.61000;0;
176.282;цинкит;1032;4.00000;
176.282;цинкит;1033;5.00000;
176.282;цинкит;1015;5600.00000;
176.282;цинкит;1016;5700.00000;
176.282;цинкит;1042.60000;0;
176.282;цинкит;1037.50000;0;
176.283;циннвальдит;1037.20000;0;
176.283;циннвальдит;1038.50000;0;
176.283;циннвальдит;1022.51000;0;
176.283;циннвальдит;1032;2.50000;
176.283;циннвальдит;1033;4.00000;
176.283;циннвальдит;1015;2900.00000;
176.283;циннвальдит;1016;3000.00000;
176.285;циркон;1038.15000;0;
176.285;циркон;1022.20000;0;
176.285;циркон;1036.40000;0;
176.285;циркон;1036.12000;0;
176.285;циркон;1036.60000;0;
176.285;циркон;1045.50000;0;
176.285;циркон;1031;7.00000;
176.285;циркон;1015;4000.00000;
176.285;циркон;1016;4700.00000;
176.285;циркон;1042.60000;0;
176.285;циркон;1041.35000;0;
176.285;циркон;1041.86400;0;
176.285;циркон;1046.40000;0;
176.285;циркон;1037.40000;0;
176.286;цитрин;1022.03105;0;
176.2861;цоизит;1022.51000;0;
176.2861;цоизит;1031;6.00000;
176.2861;цоизит;1014;3500.00000;
176.287;чароит;1031;5.00000;
176.287;чароит;1015;2530.00000;
176.287;чароит;1016;2580.00000;
176.287;чароит;1041.19500;0;
176.287;чароит;1037.20000;0;
176.289;шамозит;1039.50000;0;
176.289;шамозит;1037.20000;0;
176.289;шамозит;1047.85210;0;
176.289;шамозит;1022.80000;0;
176.289;шамозит;1036.40000;0;
176.289;шамозит;1036.12000;0;
176.289;шамозит;1022.51300;0;
176.289;шамозит;1032;2.50000;
176.289;шамозит;1033;3.00000;
176.289;шамозит;1015;3000.00000;
176.289;шамозит;1016;3400.00000;
176.289;шамозит;1042.60000;0;
176.289;шамозит;1041.19500;0;
176.29;шеелит;1022.03050;0;
176.29;шеелит;1082.50000;0;
176.29;шеелит;1036.01000;0;
176.29;шеелит;1040.80000;0;
176.29;шеелит;1031;3.00000;
176.29;шеелит;1015;5900.00000;
176.29;шеелит;1016;6100.00000;
176.29;шеелит;1042.60000;0;
176.29;шеелит;1037.40000;0;
176.2921;шонкин;1100.80400;0;
176.2921;шонкин;1126.63900;0;
176.2921;шонкин;1025.10000;0;
176.2921;шонкин;1025.50000;0;
176.2921;шонкин;1126.60900;0;
176.2921;шонкин;1126.10500;0;
176.2921;шонкин;1126.79200;0;
176.2921;шонкин;1025.37000;0;
176.2922;шошонит;1039.57000;0;
176.2922;шошонит;1126.41000;0;
176.2922;шошонит;1025.40700;0;
176.2922;шошонит;1126.47200;0;
176.2922;шошонит;1126.79600;0;
176.293;шпинель;1039.20000;0;
176.293;шпинель;1036.40000;0;
176.293;шпинель;1036.12000;0;
176.293;шпинель;1036.60000;0;
176.293;шпинель;1031;8.00000;
176.293;шпинель;1015;3600.00000;
176.293;шпинель;1016;3700.00000;
176.293;шпинель;1041.32550;0;
176.293;шпинель;1041.86400;0;
176.293;шпинель;1043.89000;0;
176.293;шпинель;1037.70000;0;
176.293;шпинель;1038.30100;0;
176.2931;щелочной_сиенит ;1022.51000;0;
176.2931;щелочной_сиенит ;1047.50050;0;
176.2931;щелочной_сиенит ;1038.50000;0;
176.2931;щелочной_сиенит ;1025.37000;0;
176.2931;щелочной_сиенит ;1025.60000;0;
176.2931;щелочной_сиенит ;1126.85100;0;
176.2931;щелочной-сиенит ;1126.10000;0;
176.2932;щелочной_кварцевый_трахит ;1041.83600;0;
176.2932;щелочной_кварцевый_трахит ;1099.42100;0;
176.294;эвдиалит;1039.51000;0;
176.294;эвдиалит;1047.42000;0;
176.294;эвдиалит;1032;5.00000;
176.294;эвдиалит;1033;6.00000;
176.294;эвдиалит;1015;2740.00000;
176.294;эвдиалит;1016;3070.00000;
176.294;эвдиалит;1042.60000;0;
176.294;эвдиалит;1037.60000;0;
176.295;эвклаз;1038.50000;0;
176.295;эвклаз;1022.00100;0;
176.295;эвклаз;1022.47000;0;
176.295;эвклаз;1036.40000;0;
176.295;эвклаз;1036.12000;0;
176.295;эвклаз;1036.60000;0;
176.295;эвклаз;1031;7.00000;
176.295;эвклаз;1014;3100.00000;
176.295;эвклаз;1040.40000;0;
176.295;эвклаз;1022.47000;0;
176.295;эвклаз;1037.20000;0;
176.296;эвксинит;1022.80000;0;
176.296;эвксинит;1022.01100;0;
176.296;эвксинит;1022.01100;0;
176.296;эвксинит;1036.01000;0;
176.296;эвксинит;1045.50000;0;
176.296;эвксинит;1032;5.00000;
176.296;эвксинит;1033;6.00000;
176.296;эвксинит;1015;4500.00000;
176.296;эвксинит;1016;5000.00000;
176.296;эвксинит;1100.01300;0;
176.296;эвксинит;1041.86400;0;
176.296;эвксинит;1037.30000;0;
176.297;эгирин;1047.70000;0;
176.297;эгирин;1022.00200;0;
176.297;эгирин;1036.40000;0;
176.297;эгирин;1036.12000;0;
176.297;эгирин;1036.60000;0;
176.297;эгирин;1032;6.00000;
176.297;эгирин;1033;6.50000;
176.297;эгирин;1015;3500.00000;
176.297;эгирин;1016;3600.00000;
176.297;эгирин;1040.61000;0;
176.297;эгирин;1041.40000;0;
176.2971;эклогит;1022.05000;0;
176.2971;эклогит;1047.41200;0;
176.2972;эльбаит;1041.19500;0;
176.2972;эльбаит;1041.86400;0;
176.298;энаргит;1047.68500;0;
176.298;энаргит;1022.80000;0;
176.298;энаргит;1036.10000;0;
176.298;энаргит;1040.20000;0;
176.298;энаргит;1031;3.00000;
176.298;энаргит;1015;4400.00000;
176.298;энаргит;1016;4500.00000;
176.298;энаргит;1042.60000;0;
176.298;энаргит;1041.19500;0;
176.298;энаргит;1037.30000;0;
176.299;энстатит;1038.50000;0;
176.299;энстатит;1022.00100;0;
176.299;энстатит;1022.51000;0;
176.299;энстатит;1036.40000;0;
176.299;энстатит;1036.12000;0;
176.299;энстатит;1040.94100;0;
176.299;энстатит;1031;5.00000;
176.299;энстатит;1015;3200.00000;
176.299;энстатит;1016;3250.00000;
176.299;энстатит;1042.60000;0;
176.299;энстатит;1041.35000;0;
176.299;энстатит;1037.30000;0;
176.3;эпидот;1032;6.00000;
176.3;эпидот;1033;7.00000;
176.3;эпидот;1015;3200.00000;
176.3;эпидот;1016;3500.00000;
176.3;эпидот;1040.65100;0;
176.3;эпидот;1036.40000;0;
176.3;эпидот;1036.12000;0;
176.3;эпидот;1036.60000;0;
176.3;эпидот;1041.19500;0;
176.3;эпидот;1037.20000;0;
176.3001;эпилейный_сиенит ;1022.51000;0;
176.3001;эпилейный_сиенит ;1046.84800;0;
176.3001;эпилейный_сиенит ;1039.57000;0;
176.3001;эпилейный_сиенит ;1022.20000;0;
176.3001;эпилейный_сиенит ;1025.40500;0;
176.3001;эпилейный_сиенит ;1126.30000;0;
176.3001;эпилейный_сиенит ;1025.10000;0;
176.3001;эпилейный_сиенит ;1025.10200;0;
176.301;эритрин;1038.02100;0;
176.301;эритрин;1022.48000;0;
176.301;эритрин;1036.40000;0;
176.301;эритрин;1036.12000;0;
176.301;эритрин;1040.40000;0;
176.301;эритрин;1032;1.50000;
176.301;эритрин;1033;2.00000;
176.301;эритрин;1015;3050.00000;
176.301;эритрин;1016;3100.00000;
176.301;эритрин;1042.60000;0;
176.301;эритрин;1041.30000;0;
176.301;эритрин;1037.20000;0;
176.3011;якупирит;1126.54000;0;
176.3011;якупирит;1025.10000;0;
176.302;янтарь;1032;2.00000;
176.302;янтарь;1033;3.00000;
176.302;янтарь;1015;1050.00000;
176.302;янтарь;1016;1120.00000;
176.302;янтарь;1046.45000;0;
176.303;ярозит;1039.52000;0;
176.303;ярозит;1047.50000;0;
176.303;ярозит;1022.45500;0;
176.303;ярозит;1089.30000;0;
176.303;ярозит;1036.40000;0;
176.303;ярозит;1036.12000;0;
176.303;ярозит;1036.60000;0;
176.303;ярозит;1032;3.00000;
176.303;ярозит;1033;3.00000;
176.303;ярозит;1015;2900.00000;
176.303;ярозит;1016;3250.00000;
176.303;ярозит;1041.30000;0;
176.303;ярозит;1037.60000;0;
176.304;яшма;1041.83100;0;
176.304;яшма;1022.03100;0;